probeID	Array1Dye1	Array2Dye1	Array3Dye1	Array4Dye1	Array5Dye1	Array6Dye1	Array7Dye1	Array8Dye1	Array9Dye1	Array10Dye1	Array11Dye1	Array12Dye1	Array13Dye1	Array14Dye1	Array15Dye1	Array16Dye1	Array17Dye1	Array18Dye1
1415670_at	9.172966	9.236673	8.789873	8.698874	9.08475	8.950005	8.768832	8.910263	8.616221	8.696152	8.726129	8.735203	8.882124	8.941473	8.886297	8.854592	8.825425	8.806125
1415671_at	10.665967	10.677811	10.463303	10.464032	10.421485	10.476741	10.491172	10.540337	10.402518	10.469266	10.365152	10.394068	10.394293	10.449829	10.378914	10.46395	10.405293	10.455749
1415672_at	10.543986	10.730144	10.80749	10.68957	10.700285	10.672111	10.634898	10.625371	10.771487	10.741797	10.663337	10.661395	10.660535	10.719098	10.668195	10.572889	10.808928	10.628686
1415673_at	7.484655	7.68995	7.168615	7.187604	7.759325	7.824022	6.942822	6.827884	6.68525	6.689037	6.848498	6.781816	7.200187	7.361489	7.080848	7.259516	7.288453	7.126164
1415674_a_at	8.609731	8.586798	8.718695	8.781891	8.590931	8.468181	8.676904	8.669656	8.66099	8.740378	8.676887	8.685369	8.78771	8.693212	8.669381	8.622764	8.569841	8.713076
1415675_at	8.572013	8.555147	8.532075	8.580723	8.576206	8.463184	8.429566	8.423398	8.409188	8.35468	8.397545	8.370507	8.515798	8.507163	8.454157	8.47746	8.542899	8.671003
1415676_a_at	10.96821	11.002438	11.101836	11.074569	10.946253	10.886192	11.14809	11.164838	11.108593	11.110554	11.004085	11.079401	10.964755	11.017646	11.022981	10.982365	11.059875	11.091044
1415677_at	10.354468	10.32511	10.484887	10.310581	10.29161	10.309674	10.473473	10.440797	10.368841	10.392534	10.357505	10.373493	10.264374	10.29482	10.274893	10.264562	10.350948	10.339456
1415678_at	10.531922	10.615315	10.583822	10.55821	10.436681	10.43593	10.599751	10.654462	10.652202	10.770182	10.622646	10.667204	10.592706	10.58232	10.553059	10.609494	10.546382	10.420555
1415679_at	10.733904	10.800496	10.758719	10.749906	10.73768	10.643758	10.738743	10.696324	10.694009	10.714825	10.778382	10.730601	10.654174	10.717389	10.764626	10.726375	10.612677	10.671859
1415680_at	8.572696	8.51964	8.690419	8.52572	8.526009	8.60333	8.529927	8.670762	8.429494	8.558233	8.545494	8.556165	8.561278	8.521753	8.60333	8.656177	8.533726	8.553704
1415681_at	9.571089	9.608721	9.618475	9.560925	9.541616	9.522505	9.481679	9.512612	9.480006	9.575635	9.440871	9.448486	9.440245	9.509521	9.38199	9.436697	9.390349	9.485962
1415682_at	8.232272	8.354782	8.454812	8.338036	8.367991	8.407733	8.446206	8.607017	8.508308	8.684139	8.516156	8.491603	8.385995	8.493452	8.391811	8.401166	8.377064	8.331228
1415683_at	9.892576	9.838203	10.000695	9.881589	9.898935	9.770378	10.093335	10.035963	9.938729	10.018733	9.893551	10.002889	9.874452	9.903331	9.929823	10.042826	9.823039	9.885393
1415684_at	9.627053	9.749458	9.737915	9.635507	9.687793	9.68235	9.28774	9.324353	9.440942	9.507129	9.403063	9.407843	9.536881	9.536852	9.485	9.554895	9.635556	9.566473
1415685_at	7.150043	7.199059	7.655527	7.919609	7.634156	7.728629	7.683051	7.791315	7.578985	7.60313	7.598825	7.790685	7.426595	7.460914	7.562885	7.819556	7.444081	7.417371
1415686_at	9.96262	10.009233	9.92083	9.885601	9.926592	9.959822	9.930069	9.975649	9.935366	9.940301	9.929816	9.9302	9.918663	9.95261	10.001812	9.947148	9.896642	9.838884
1415687_a_at	11.849033	11.969466	11.797367	11.739904	11.776146	11.884724	11.766278	11.694918	11.551746	11.648609	11.668131	11.652799	11.712667	11.646633	11.635475	11.81514	11.793967	11.748562
1415688_at	9.849307	9.796856	9.935163	9.917189	9.983878	9.918439	9.885721	9.844851	10.079527	10.074754	9.988606	9.981895	9.846907	9.757721	9.800414	9.902589	9.895064	9.868643
1415689_s_at	7.834252	7.79149	8.365895	8.246676	8.027868	8.046742	8.060768	8.199955	8.09035	8.436451	8.275913	8.141633	8.111264	8.122346	8.164014	8.341571	8.060652	8.117263
1415690_at	9.598012	9.650931	10.056833	9.939998	10.068279	9.967315	9.407896	9.464761	9.454255	9.560052	9.789518	9.819383	9.91101	9.93581	10.000203	10.120373	9.891442	9.934222
1415691_at	9.326314	9.490837	9.426953	9.40218	9.392142	9.321185	9.539279	9.631238	9.539614	9.65051	9.527524	9.649642	9.308706	9.426534	9.304124	9.390799	9.385548	9.413181
1415692_s_at	11.480129	11.584309	11.371937	11.383451	11.499959	11.420134	11.402781	11.500421	11.472681	11.473899	11.417638	11.35935	11.396288	11.335832	11.426158	11.469536	11.380479	11.362674
1415693_at	9.637867	9.654102	9.525134	9.510943	9.625282	9.528823	9.480471	9.463432	9.358327	9.442361	9.35607	9.310206	9.496644	9.498422	9.531742	9.628222	9.416521	9.541885
1415694_at	6.51467	6.786123	6.659659	6.601841	6.455286	6.455286	6.909752	7.088488	6.788127	6.811719	6.848466	6.803257	6.610923	6.648709	6.810038	6.857903	6.811699	6.734461
1415695_at	10.110929	10.108037	10.346866	10.31674	10.295952	10.230045	10.227087	10.386125	10.241868	10.298246	10.373769	10.243893	10.29848	10.212628	10.216813	10.300312	10.291154	10.29823
1415696_at	10.155556	10.059442	10.059181	10.044612	10.014119	10.048777	9.984851	10.010442	9.867377	9.956043	9.974178	9.968203	10.032831	10.097825	10.116586	10.191797	9.950554	10.008259
1415697_at	8.825004	8.756636	8.868354	8.800862	8.92858	8.920527	8.555785	8.518258	8.605729	8.613421	8.57204	8.716408	8.697169	8.666204	8.62881	8.634383	8.7261	8.738698
1415698_at	6.611605	6.397517	6.55745	6.474954	6.58039	6.64655	6.991461	6.813463	6.793486	6.768059	6.693909	6.686363	6.577398	6.360508	6.520333	6.603054	6.636766	6.683017
1415699_a_at	9.919373	9.956549	9.816692	9.760222	9.767621	9.771266	9.841499	9.853488	9.70421	9.792966	9.834546	9.716188	9.742642	9.800381	9.791439	9.868608	9.785704	9.809397
1415700_a_at	11.44869	11.547472	11.222716	11.17232	11.402773	11.46989	11.329909	11.425183	11.196613	11.297605	11.147285	11.175591	11.393277	11.39703	11.444814	11.383498	11.267944	11.117755
1415701_x_at	12.598542	12.671309	12.541807	12.470509	12.604148	12.550729	12.84604	12.684115	12.631939	12.635588	12.726898	12.662253	12.57158	12.509916	12.586295	12.644643	12.570675	12.499637
1415702_a_at	9.275009	9.307664	9.310207	9.283712	9.187935	9.146944	9.372268	9.386579	9.344521	9.399103	9.366523	9.391883	9.377697	9.392759	9.195433	9.328876	9.286066	9.307079
1415703_at	9.597292	9.545487	9.489287	9.43534	9.338632	9.465007	9.463033	9.489694	9.535769	9.729668	9.530094	9.529694	9.493305	9.537951	9.424212	9.51727	9.309591	9.356764
1415704_a_at	9.735723	9.823683	9.918918	9.814659	9.693023	9.670696	10.092702	10.206802	10.142602	10.239268	10.123271	10.097657	9.815487	9.87856	9.860996	10.043063	9.731183	9.833821
1415705_at	8.378789	8.372582	8.238315	8.215325	8.335516	8.303637	8.251318	8.466076	8.464287	8.364771	8.32669	8.30298	8.258997	8.345006	8.264234	8.349073	8.224477	8.236922
1415706_at	10.731595	10.892127	10.820617	10.752172	10.662765	10.655419	11.032937	11.119629	10.875457	10.916852	10.767643	10.79738	10.909811	10.874303	10.86255	10.811843	10.764088	10.791286
1415707_at	9.072635	9.06055	9.036959	9.014237	8.944122	8.850011	9.062244	9.060058	8.852086	8.961522	8.916418	9.015836	8.968063	9.019103	8.881658	9.102914	8.915766	9.03032
1415708_at	8.347475	8.362001	8.517598	8.399901	8.469627	8.568363	8.506666	8.609771	8.483381	8.562332	8.528216	8.641425	8.323567	8.506044	8.286633	8.409126	8.262827	8.2696
1415709_s_at	7.938727	8.150479	8.073225	8.145539	8.078	8.146639	7.848275	7.899718	7.720326	7.87511	7.851851	7.888025	8.099458	8.110318	8.120288	8.069075	7.995301	8.082051
1415710_at	8.588759	8.528635	8.541277	8.491603	8.481953	8.571305	8.419585	8.409646	8.281432	8.369739	8.203076	8.202439	8.311669	8.36827	8.262949	8.408524	8.491747	8.499158
1415711_at	9.653728	9.47547	9.608774	9.647346	9.47834	9.528526	9.793028	9.807861	9.866251	9.942212	9.818313	9.792454	9.681617	9.695406	9.644639	9.715543	9.630052	9.590491
1415712_at	8.161177	8.177794	8.283577	8.214289	8.194042	8.182416	8.419292	8.630748	8.681848	8.886035	8.482214	8.433523	8.196558	8.191649	8.207243	8.259532	8.034073	7.988243
1415713_a_at	8.407983	8.49057	8.523381	8.605852	8.306677	8.320393	8.504245	8.513774	8.523479	8.544944	8.383881	8.470822	8.500261	8.381893	8.408074	8.398226	8.491559	8.417573
1415714_a_at	9.3411	9.290302	9.336514	9.256061	9.286281	9.257099	9.111959	9.083211	9.091914	9.106116	9.064114	9.117367	9.127332	9.195939	9.260512	9.253437	9.19563	9.235253
1415715_at	7.985016	8.02697	8.192167	8.156071	8.125979	8.043279	7.771779	7.922658	7.93012	8.08215	7.958837	7.878809	7.965613	8.039638	7.962856	8.020465	8.056542	8.100008
1415716_a_at	11.58796	11.521649	11.527003	11.659028	11.482326	11.51976	11.978168	11.921354	11.777905	11.847603	11.901678	11.811646	11.620908	11.612353	11.770026	11.771197	11.49914	11.532136
1415717_at	8.101187	8.203107	8.14027	8.069523	8.163467	8.242651	8.217251	8.109097	8.142248	8.126476	8.067818	8.11835	8.124139	8.139709	8.124168	8.104708	8.173477	8.093647
1415718_at	9.363213	9.159086	9.424434	9.348959	9.207145	9.174199	9.330337	9.224271	9.181727	9.344748	9.345143	9.32617	9.187669	9.214886	9.277271	9.354665	9.287917	9.295753
1415719_s_at	9.116309	9.145767	9.251096	9.158592	9.241378	9.227983	9.224487	9.340359	9.335609	9.322478	9.149172	9.243449	9.179223	9.245886	9.177454	9.311239	9.166533	9.199331
1415720_s_at	7.117982	7.094308	7.032318	6.91414	6.929566	6.852756	7.100606	6.993985	7.115077	7.102779	7.032129	6.933102	6.86896	6.995123	6.964984	7.032388	6.947912	7.110195
1415721_a_at	9.760539	9.688247	9.732346	9.62203	9.463819	9.493663	9.733488	9.697979	9.731514	9.777834	9.665682	9.702527	9.583123	9.551458	9.554167	9.611754	9.639313	9.73342
1415722_a_at	8.865727	8.961388	8.90835	8.862072	8.769548	8.886207	8.97556	9.034356	8.892664	8.871425	8.83184	8.88898	8.864554	8.981138	8.750326	8.898312	8.834098	8.784509
1415723_at	10.695589	10.67098	10.765938	10.773033	10.493557	10.574448	11.225295	11.180561	11.279736	11.323145	11.11461	11.172995	10.942705	10.87627	10.858408	10.966228	10.682053	10.635642
1415724_a_at	10.545371	10.594696	10.339428	10.431803	10.606374	10.61864	10.028201	10.32431	10.384876	10.461983	10.192379	10.336203	10.48429	10.435004	10.240766	10.428348	10.330395	10.269583
1415725_at	6.571035	6.728562	6.366098	6.669481	6.559838	6.629461	6.883219	7.220526	6.809774	6.880119	6.752194	6.72489	6.565346	6.63179	6.28541	6.531831	6.454874	6.37689
1415726_at	8.757249	8.644541	8.549215	8.661992	8.603395	8.651699	8.871824	8.933032	8.933476	8.994104	8.889022	8.869007	8.576693	8.659275	8.290499	8.590899	8.451329	8.548248
1415727_at	10.443757	10.313784	10.569623	10.500472	10.27163	10.086437	10.476514	10.531754	10.541385	10.557996	10.479952	10.508259	10.395436	10.362593	10.403149	10.503665	10.485998	10.518308
1415728_at	9.027758	9.136433	9.056952	8.903857	8.941516	8.930913	9.212277	9.274168	9.07135	9.050762	9.05095	9.144354	8.858478	8.815728	8.752524	8.893567	8.858273	8.901922
1415729_at	8.855557	8.760353	8.774936	8.763803	8.79729	8.746339	8.882495	9.050837	9.022183	9.017247	8.767232	8.770726	8.923973	8.823217	8.827257	8.857044	8.828241	8.710069
1415730_at	8.222668	8.267373	8.245918	8.301702	8.27741	8.178312	8.381346	8.438884	8.503294	8.599267	8.385769	8.38905	8.449963	8.458163	8.333894	8.240562	8.186234	8.177869
1415731_at	7.751831	7.689706	7.785506	7.740171	7.677113	7.727554	7.634285	7.871907	7.715858	7.755854	7.81145	7.714234	7.606435	7.714047	7.725931	7.691953	7.679822	7.675692
1415732_at	9.844433	9.871431	9.681119	9.603407	9.742046	9.788609	9.695484	9.631758	9.46925	9.47528	9.471435	9.66686	9.628556	9.56243	9.704587	9.740767	9.644695	9.687323
1415733_a_at	9.299197	9.288685	9.385763	9.419258	9.393523	9.44668	9.160796	9.163151	9.132442	9.195078	9.25593	9.222401	9.174643	9.176006	9.293101	9.328571	9.349149	9.337813
1415734_at	11.237918	11.323051	11.293446	11.211144	11.168038	11.160719	11.335961	11.267662	11.301576	11.318908	11.248145	11.237125	11.108072	11.182725	11.244356	11.262835	11.187349	11.236618
1415735_at	9.924916	9.940036	9.771666	9.690377	9.791772	9.88317	9.920857	9.901627	9.63212	9.731953	9.644813	9.701864	9.605775	9.808039	9.810564	9.828429	9.649541	9.745906
1415736_at	10.040813	10.050746	10.143281	10.07144	10.174794	9.950641	9.990253	10.095839	10.060099	10.125866	10.237315	10.101245	10.125278	9.974245	10.077845	10.133259	9.861977	10.044758
1415737_at	9.506417	9.415098	9.613042	9.565111	9.455076	9.392349	9.466681	9.528913	9.439863	9.347336	9.291922	9.348786	9.470554	9.373979	9.303658	9.436697	9.467144	9.450421
1415738_at	9.203606	9.175913	9.02483	9.046496	9.095496	9.066464	8.983141	9.119034	8.869809	9.000127	8.951682	9.022009	9.031873	9.12829	9.091995	9.042989	9.07259	9.028644
1415739_at	8.503192	8.494551	8.593457	8.611335	8.388604	8.381826	8.612966	8.701085	8.660676	8.603404	8.65535	8.586904	8.552856	8.711511	8.688275	8.735673	8.602799	8.412628
1415740_at	10.396679	10.374844	10.407879	10.34065	10.424188	10.336158	10.320543	10.308363	10.197251	10.27667	10.249983	10.264183	10.318501	10.30488	10.264423	10.362058	10.322734	10.427671
1415741_at	8.217483	8.32451	8.332668	8.169179	8.226169	8.291939	8.018075	8.243381	8.073212	8.132732	8.261961	8.206816	8.229858	8.316904	8.130964	8.201883	8.208423	8.205689
1415742_at	9.732959	9.665066	9.786059	9.74695	9.643171	9.44546	9.605769	9.664864	9.72815	9.735626	9.642379	9.644501	9.592464	9.589865	9.657119	9.655018	9.62091	9.690367
1415743_at	8.624159	8.781149	8.609815	8.468484	8.577157	8.519631	8.671713	8.669166	8.384346	8.504032	8.538002	8.514677	8.820462	8.956236	8.486506	8.628563	8.408631	8.497613
1415744_at	9.407382	9.519623	9.573894	9.415017	9.442478	9.200667	9.666895	9.640901	9.481412	9.498884	9.593212	9.541109	9.454499	9.453014	9.410217	9.416754	9.404442	9.462124
1415745_a_at	8.337348	8.458835	8.507568	8.479984	8.403617	8.181578	8.329857	8.438486	8.425003	8.420993	8.477535	8.449011	8.540288	8.589589	8.3017	8.505347	8.419772	8.578044
1415746_at	8.829638	8.702516	8.672698	8.64458	8.738516	8.739565	8.832987	8.927081	8.739159	8.895911	8.756028	8.794387	8.715489	8.885675	8.647077	8.623909	8.626886	8.768859
1415747_s_at	10.197044	10.123332	10.066309	10.008341	10.184316	10.237069	9.90058	9.960297	10.091215	10.082952	9.880481	9.888247	10.087745	10.033051	9.965607	10.077785	9.98755	9.961932
1415748_a_at	9.18163	9.149776	9.240633	8.998431	9.057913	9.046392	8.816759	8.871072	8.868128	8.803212	8.809127	8.919306	8.942338	9.02573	8.886758	9.023119	8.954191	9.111693
1415749_a_at	8.953932	8.847983	8.995488	8.922952	8.971894	8.90396	9.013463	8.995085	9.206887	9.28556	9.06334	9.015705	8.943119	8.865716	8.960492	8.924737	8.81943	8.914198
1415750_at	7.993369	7.995792	7.642153	7.633571	7.938283	7.83623	7.592671	7.573572	7.507588	7.436033	7.79132	7.719662	7.623172	7.638699	7.753703	7.804819	7.719597	7.697532
1415751_at	9.739	9.874871	10.066528	9.967165	9.799315	9.747013	10.148462	10.138993	10.112531	10.118587	10.107483	10.044424	9.951132	9.994053	9.902234	10.000695	9.947183	9.872
1415752_at	10.182172	10.222065	10.364306	10.325493	10.255079	10.170015	10.388116	10.322851	10.260256	10.193325	10.082507	10.106738	10.248738	10.217411	10.27653	10.382104	10.389069	10.341359
1415753_at	10.071082	10.092673	10.054165	10.033063	9.784032	9.809357	9.774012	9.979678	9.899946	10.026872	9.832403	9.945931	9.873142	9.866948	9.976154	10.042626	9.923314	10.036575
1415754_at	8.929023	9.136952	9.215513	9.072881	9.053273	8.940658	9.227576	9.221459	9.213219	9.198866	9.250058	9.193839	9.00399	9.06397	9.077575	9.195697	9.123769	9.165452
1415755_a_at	9.328161	9.441013	9.388531	9.359121	9.34774	9.359263	9.316654	9.461082	9.334729	9.477283	9.363285	9.323127	9.359634	9.239847	9.132411	9.22499	9.273037	9.394152
1415756_a_at	7.425515	7.664318	7.661746	7.503092	7.49584	7.507631	7.314102	7.555156	7.547698	7.693977	7.623632	7.626501	7.318815	7.584297	7.288667	7.446107	7.166197	7.356627
1415757_at	9.230757	9.116522	9.299148	9.324158	9.186992	9.270368	9.131942	9.110828	8.965552	9.042248	8.916945	9.034356	9.275591	9.260714	9.20652	9.180362	9.1972	9.297625
1415758_at	6.901242	6.938401	7.052754	7.035793	6.927017	7.047721	7.079971	7.198102	7.022022	7.174502	6.72839	7.107872	6.797413	7.050611	7.009339	7.032476	6.953471	6.949064
1415759_a_at	9.412121	9.342475	9.269753	9.243217	9.255965	9.168927	9.293418	9.428186	9.288238	9.336555	9.349195	9.219111	9.279348	9.237967	9.169886	9.332963	9.212655	9.282942
1415760_s_at	10.425209	10.536017	10.959812	10.919916	10.329221	10.285864	11.107941	11.222724	11.236466	11.253118	11.02572	11.119619	10.773749	10.904828	10.896386	10.925241	10.884369	11.030944
1415761_at	9.359688	9.393647	9.44026	9.359804	9.455947	9.238445	9.328346	9.438385	9.250282	9.378074	9.336695	9.345233	9.280884	9.241773	9.31253	9.35895	9.374091	9.424035
1415762_x_at	9.33281	9.185591	9.341233	9.277074	9.306603	9.164738	9.218408	9.271804	9.196698	9.24766	9.206598	9.160277	9.220521	9.160964	9.230078	9.212952	9.19699	9.273159
1415763_a_at	9.442099	9.507957	9.575819	9.551083	9.466551	9.465429	9.551375	9.607568	9.529294	9.550593	9.491172	9.598144	9.487146	9.447455	9.543415	9.470176	9.405222	9.488785
1415764_at	10.002167	9.951578	10.158282	10.102628	9.975055	9.998847	10.296854	10.349339	10.216103	10.274191	10.19147	10.210069	10.039798	10.020785	9.946269	9.996778	10.010715	9.994034
1415765_at	7.947353	7.939702	7.966746	8.023852	7.835305	7.745465	8.069108	8.093766	8.141202	8.291713	7.873441	7.837124	7.833663	7.699991	7.908007	7.862551	7.863448	7.80803
1415766_at	8.884917	8.779825	8.68306	8.646181	8.862019	8.786133	8.544908	8.613409	8.634276	8.672008	8.362417	8.387413	8.768833	8.794279	8.800317	8.823372	8.636572	8.58225
1415767_at	9.187516	9.234801	9.066709	9.07175	9.250943	9.280149	9.222454	9.365766	9.29016	9.382513	9.275505	9.317941	9.228374	9.25854	9.187089	9.198653	9.026728	9.004526
1415768_a_at	9.286288	9.374783	9.997582	10.054435	9.244218	9.37448	9.636396	9.84556	9.755117	9.831326	9.677688	9.550828	9.468404	9.395427	9.500805	9.515686	9.475389	9.400104
1415769_at	8.863433	8.878681	9.040212	9.002334	8.932003	8.902758	9.04082	9.055531	9.363514	9.424542	9.17423	9.05581	9.014621	9.065001	9.080623	9.029585	9.04234	9.039483
1415770_at	7.625478	7.527741	7.445406	7.489264	7.415191	7.355393	7.56909	7.696222	7.596053	7.551058	7.315919	7.523333	7.456707	7.368258	7.285609	7.351308	7.423914	7.435772
1415771_at	10.276049	10.350605	10.08752	10.053855	10.115262	10.109408	10.398003	10.440487	10.467766	10.516846	10.461575	10.325244	10.260239	10.223791	10.182391	10.249341	9.893521	9.917727
1415772_at	6.141492	6.064196	6.116645	6.225326	6.140127	5.905143	6.294749	6.695144	6.484432	6.467034	6.22158	6.22279	6.208812	6.214863	6.181037	6.161348	6.070507	6.165375
1415773_at	8.96925	8.775764	8.430362	8.509662	8.77842	8.798209	8.252895	8.742301	8.774471	8.817181	8.934326	8.91353	8.707697	8.699081	8.624158	8.739515	8.351435	8.210851
1415774_at	7.64504	7.439824	7.233628	7.560383	7.588938	7.496644	7.344693	7.44403	7.395358	7.392699	7.400734	7.391701	7.461523	7.445766	7.615229	7.419761	7.496244	7.48454
1415775_at	9.844937	10.020846	10.035052	9.966463	9.981834	9.91497	10.09775	10.055062	9.992951	10.040854	10.030211	10.039813	10.027576	9.991261	10.009296	10.052749	9.877307	9.880421
1415776_at	10.738491	10.687427	11.275823	11.32892	10.451054	10.517333	10.946546	10.837957	10.914938	11.034178	11.215884	11.037322	10.962112	10.918729	10.944226	11.032764	11.158449	11.213517
1415777_at	4.774579	4.598033	4.801754	4.731659	4.688197	4.806591	4.660252	4.932994	4.753736	4.660003	4.633053	4.916335	4.852717	4.798055	4.916283	4.79229	4.686314	4.85586
1415778_at	10.862685	10.846189	10.640211	10.539935	10.833235	10.808837	10.62832	10.644182	10.367032	10.374885	10.503307	10.550203	10.66942	10.631971	10.688056	10.728954	10.655773	10.550498
1415779_s_at	11.014462	11.148608	11.230202	11.223945	11.176812	11.118405	11.010314	10.964777	10.909305	10.967757	11.037426	11.046608	11.525728	11.448841	11.303258	11.301489	11.189311	11.132912
1415780_a_at	5.50182	5.508293	5.631585	5.715438	5.526986	5.601144	5.683715	5.448006	5.467722	5.502601	5.66415	5.684348	5.454103	5.691818	5.481304	5.446888	5.661352	5.628524
1415781_a_at	11.360478	11.351593	11.395778	11.406953	11.548836	11.518864	11.501038	11.542365	11.423084	11.483711	11.433059	11.363137	11.332269	11.279275	11.317265	11.304958	11.276913	11.288026
1415782_at	10.080961	10.139716	10.062745	10.062764	10.179103	10.118614	10.087371	10.135475	10.118635	10.084792	10.045628	9.962268	10.057641	9.913642	10.008068	10.059919	9.981257	10.007481
1415783_at	10.372374	10.517507	10.485049	10.434452	10.380922	10.357483	10.648235	10.622075	10.678276	10.744719	10.533225	10.599948	10.494024	10.479907	10.465862	10.488862	10.400119	10.359742
1415784_at	7.43253	7.430887	6.814644	7.222008	7.225107	7.359182	6.752956	6.945821	6.969624	7.148644	7.296087	7.363328	7.045027	7.062576	7.021608	7.176873	6.862056	6.905421
1415785_a_at	10.108517	9.95298	9.948922	9.952031	10.094309	10.057295	10.102384	10.048188	9.975201	10.07124	10.070785	9.959879	9.965678	9.844768	9.897115	9.908292	9.694169	9.798988
1415786_at	6.70184	6.768603	6.726377	6.650444	6.654267	6.768136	6.852926	6.659526	6.758173	6.624826	6.617748	6.685468	6.758763	6.678804	6.768285	6.66389	6.772053	6.651973
1415787_at	9.829281	9.875349	9.876847	9.734218	9.769	9.789999	9.853289	9.931206	9.827765	9.865635	9.744098	9.76389	9.755252	9.761926	9.767626	9.675411	9.765781	9.659093
1415788_at	8.760489	8.753434	8.669384	8.691873	8.905219	8.815546	8.69316	8.899894	8.899141	8.881502	8.696526	8.779714	8.849992	8.994634	8.739101	8.764597	8.560147	8.685893
1415789_a_at	7.8513	7.852255	7.753167	7.750495	7.835675	7.850079	7.724974	7.902796	7.883921	7.973561	7.641881	7.770363	7.837755	7.883921	7.847202	7.886292	7.624422	7.782043
1415790_at	8.021041	7.831068	7.711042	7.756645	7.92337	7.889377	7.868454	7.832438	7.748353	7.814433	7.683667	7.66305	7.924863	7.831087	7.765042	7.946703	7.725126	7.785584
1415791_at	8.189484	8.228519	8.106851	8.079172	8.194205	8.097001	7.84688	8.010935	8.085681	8.08831	7.869861	8.037488	8.038946	8.10085	7.99714	8.139068	8.03044	8.160117
1415792_at	9.392646	9.333467	9.253958	9.18706	9.208784	9.151868	9.166799	9.217427	9.025939	9.00779	9.0665	9.154955	9.078389	9.004788	9.136052	9.155734	9.178081	9.218968
1415793_at	10.467248	10.5802	10.732054	10.704206	10.143173	10.291415	11.115366	11.120107	11.072882	11.058995	11.035748	11.052809	10.780689	10.702265	10.693891	10.698903	10.692518	10.738404
1415794_a_at	9.060262	8.760901	8.855162	8.853304	8.841832	8.756255	9.068228	9.13472	9.101519	9.237469	9.028622	9.087706	8.92644	8.800955	8.739119	8.880636	8.680722	8.550621
1415795_at	7.464302	7.229072	7.406666	7.243108	7.525923	7.216655	7.309383	7.129486	7.411688	7.359968	7.333482	7.401301	7.262553	7.272096	7.209456	7.360672	7.183829	7.226572
1415796_at	10.053532	10.126728	10.115268	10.132375	10.042453	10.004014	10.186744	10.190395	10.141338	10.286392	10.289381	10.19948	10.120381	10.161961	10.198562	10.254945	10.060567	10.016355
1415797_at	6.65837	6.638456	6.638196	6.689553	6.477999	6.598294	6.731735	6.474353	6.852115	6.571053	6.72464	6.512594	6.782903	6.577389	6.808417	6.567503	6.72127	6.637649
1415798_at	5.42351	5.538885	5.371975	5.437607	5.44994	5.464679	5.469896	5.310564	5.374219	5.267046	5.444629	5.403348	5.539863	5.308931	5.641007	5.50229	5.5356	5.336806
1415799_at	8.499885	8.483116	8.461958	8.545824	8.486864	8.557423	8.405368	8.634135	8.715414	8.716842	8.450029	8.620911	8.507381	8.396789	8.380659	8.41825	8.366794	8.494113
1415800_at	4.491062	4.475257	4.565632	4.705548	4.847421	4.756076	4.967721	5.613992	5.240911	5.397751	4.848717	5.180355	4.654826	4.814167	4.59065	4.370673	4.734887	4.399353
1415801_at	6.026337	5.977946	6.038258	6.042359	6.227542	6.225228	5.980974	5.703529	5.910924	5.957667	6.316708	6.051065	6.042359	5.825765	6.006108	6.104827	6.014912	6.019999
1415802_at	10.639933	10.463337	10.339136	10.263196	10.26176	10.272978	10.240038	10.438204	9.957492	10.120949	10.171446	10.282505	10.436396	10.431002	10.060292	10.187856	10.230479	10.171972
1415803_at	6.129353	6.098385	6.180816	6.06974	6.035987	6.09377	6.176905	6.139724	6.094867	6.089944	6.176298	5.941169	6.223067	6.01312	6.062822	6.168883	6.099215	6.244776
1415804_at	6.844886	6.886367	6.734659	6.651089	6.685182	6.831311	6.753473	6.428354	6.589043	6.526328	6.591118	6.420368	6.817575	6.667646	6.801338	6.795212	6.912175	6.710262
1415805_at	6.762591	6.686699	6.610178	6.406682	6.668551	6.612833	6.658575	6.389323	6.533659	6.52416	6.712732	6.574996	6.687689	6.663052	6.644708	6.65069	6.726184	6.637822
1415806_at	5.401981	5.214756	5.162095	5.213971	5.35276	5.257178	5.225551	5.318054	5.186857	5.261647	5.464697	5.37814	5.25692	5.264019	5.235732	5.195792	5.255888	5.324605
1415807_s_at	8.688148	8.7031	8.356139	8.238186	8.760137	8.840406	8.20902	8.291333	8.248685	8.285414	8.341711	8.233241	8.383466	8.522906	8.566062	8.507684	8.228698	8.244677
1415808_at	4.663965	4.565956	4.559015	4.494946	4.436088	4.477461	4.530745	4.337675	4.327309	4.488766	4.441841	4.447453	4.687809	4.416953	4.479642	4.490521	4.606364	4.492884
1415809_at	4.706548	4.618198	4.445475	4.460465	4.653391	4.604877	4.86062	4.785925	4.69431	4.575893	4.477957	4.725681	4.680014	4.97665	4.652406	4.685106	4.502126	4.745047
1415810_at	4.566794	4.609412	4.874002	4.866006	4.700009	4.40609	4.429328	4.405048	4.487553	4.638735	4.551631	4.483882	4.542142	4.434981	5.043131	4.438633	4.889772	4.834049
1415811_at	5.385549	5.291535	5.341437	5.101441	5.302726	5.401002	5.145304	4.977118	5.163374	5.152043	5.104129	5.111745	5.176958	4.990906	5.139613	5.082846	5.316817	5.295181
1415812_at	7.992275	7.930999	8.342286	8.225844	7.913997	8.097073	8.65481	8.752349	8.593961	8.737825	8.579174	8.647196	7.80635	7.956471	8.016304	8.137317	8.136834	8.257694
1415813_at	8.907683	8.97641	8.91259	8.896109	8.862049	8.936251	8.876443	9.019454	8.821717	8.973438	8.834099	8.871906	8.872432	8.934666	8.813581	8.975867	8.808945	8.806847
1415814_at	9.130393	9.202787	9.215138	9.162933	9.089997	8.996731	9.04068	9.033209	9.116179	9.161852	9.08434	9.069826	9.066407	9.108667	8.916438	9.031174	9.184261	9.171023
1415815_at	4.768068	4.815657	4.779	4.750101	4.728756	4.756521	4.712754	4.634419	4.655833	4.593922	4.742818	4.764291	4.820705	4.811919	4.860472	4.739373	4.859079	4.77744
1415816_at	9.498717	9.3196	9.497844	9.544937	9.364484	9.323994	9.545139	9.549182	9.34856	9.459764	9.495508	9.399647	9.339296	9.231908	9.225418	9.28264	9.331425	9.41438
1415817_s_at	9.699446	9.781838	9.612753	9.65962	9.642155	9.593036	9.672669	9.77104	9.536073	9.682158	9.543914	9.613653	9.54384	9.525759	9.590832	9.534076	9.561993	9.671922
1415818_at	10.120533	10.277796	10.452748	10.302982	10.187331	10.242329	10.300025	10.281922	10.384049	10.491712	10.367806	10.342114	10.139654	10.137731	10.223211	10.243364	10.253029	10.345071
1415819_a_at	9.247134	9.241308	9.156922	9.176879	9.156116	9.148849	9.216977	9.098249	9.082433	9.004995	9.049315	9.101665	9.128894	9.18868	9.129358	9.154801	9.096843	9.193142
1415820_x_at	9.021646	8.959017	9.089506	9.171335	9.090089	9.023801	9.085708	9.35145	9.331691	9.449639	9.336338	9.275491	9.293594	9.205228	9.166157	9.177081	9.202701	9.05059
1415821_at	9.540475	9.493508	9.399307	9.384348	9.530826	9.487926	9.433824	9.733576	9.662863	9.728967	9.497813	9.565207	9.503021	9.489266	9.291195	9.386439	9.285228	9.358388
1415822_at	5.731023	5.794317	5.737304	5.781349	5.973422	6.153269	5.536215	5.842243	6.093426	6.274469	5.495304	5.566337	5.349515	5.479669	5.281929	5.559655	5.546938	5.740762
1415823_at	6.119819	6.047404	5.768574	5.967991	5.864257	6.329949	5.695012	5.747063	5.863328	5.869005	5.715715	5.767191	5.641618	5.739554	5.774942	5.939125	5.827049	5.669695
1415824_at	4.551811	4.651272	4.499373	4.741044	4.861464	4.920536	4.457339	4.312617	4.569747	4.585727	4.702048	4.436945	4.610121	4.584074	4.595709	4.569381	4.536014	4.605784
1415825_s_at	9.431041	9.428772	9.267448	9.282036	9.32862	9.316365	9.249786	9.375023	9.386162	9.422327	9.368514	9.257632	9.321784	9.303185	9.203536	9.347	9.23352	9.306026
1415826_at	8.432223	8.519739	8.612549	8.530327	8.498743	8.340561	9.124499	9.263842	9.530191	9.681617	9.405304	9.395345	8.580625	8.680193	8.608129	8.62846	8.502966	8.526362
1415827_a_at	11.482544	11.417167	11.180793	11.142318	11.376206	11.427879	11.309668	11.326013	11.123746	11.216453	11.009668	11.026796	11.322921	11.278348	11.330529	11.38444	11.204777	11.058094
1415828_a_at	11.036355	11.032035	10.5189	10.533525	11.068263	11.044496	10.500831	10.474084	10.342623	10.386011	10.401096	10.317242	10.605168	10.51078	10.724123	10.784785	10.495927	10.47263
1415829_at	8.002285	8.103679	7.859529	7.781793	7.871927	7.942156	8.187828	8.435526	8.261882	8.443375	8.033079	8.183862	7.959949	8.012758	7.772695	7.871049	7.610205	7.75187
1415830_at	7.15992	6.976229	7.25785	7.185265	7.076596	7.037433	7.369907	7.377682	7.002842	7.209436	7.02414	7.147548	7.282746	7.265712	6.961451	7.040744	6.920901	7.022531
1415831_at	10.951344	10.977778	11.007124	10.989865	10.90064	10.805782	10.913068	10.828186	10.838012	10.881364	10.846744	10.780867	10.898474	10.867893	10.80771	10.901616	10.897517	10.998193
1415832_at	3.765939	3.817288	3.606247	3.769377	3.6982	3.8246	3.708097	3.672558	3.707209	3.756489	3.74415	3.666628	3.645318	3.619941	3.826758	3.626723	3.562785	3.734001
1415833_x_at	13.525118	13.470863	13.171359	13.111824	13.495935	13.431104	13.216275	13.158767	12.987283	13.026542	13.028153	13.058075	13.110262	13.096935	13.240418	13.215458	13.103971	13.197788
1415834_at	8.914052	8.765357	9.707367	9.652046	8.408936	8.550242	9.533256	9.602892	9.444985	9.534775	9.417585	9.453182	9.430156	9.489649	9.316649	9.399907	9.676995	9.740797
1415835_at	5.761714	5.555482	5.449955	5.53011	5.683948	5.585322	5.626449	5.510587	5.558663	5.518014	5.536849	5.416074	5.774058	5.845123	5.745388	5.485213	5.686496	5.400008
1415836_at	4.889852	4.997611	4.848221	4.808247	4.873281	4.967094	4.892197	4.996198	5.027819	4.886279	5.014493	4.850211	4.884156	4.765177	4.842146	4.922992	4.977291	4.86429
1415837_at	4.417219	4.588463	4.463943	4.27022	4.492866	4.604323	4.31512	4.207041	4.192902	4.239844	4.375815	4.381137	4.260681	4.514735	4.235409	4.420267	4.262098	4.338647
1415838_at	10.417376	10.421148	10.111455	10.106008	10.388378	10.296879	10.125825	10.24031	10.202479	10.305781	10.448793	10.360026	10.233946	10.138568	10.302475	10.349634	9.990246	9.996743
1415839_a_at	10.016661	9.896418	9.769404	9.783663	9.963551	9.815594	10.245594	10.367019	10.304278	10.519117	10.486586	10.371568	10.186827	10.105094	9.920395	10.13926	9.79972	9.723293
1415840_at	13.288625	13.407913	13.108961	13.122444	13.204058	13.204293	13.088341	13.112056	13.002123	13.008044	13.010459	12.951853	13.272386	13.218513	13.158065	13.147372	13.177899	13.102044
1415841_at	9.041625	9.11665	8.812612	8.890855	9.01728	9.098016	9.001913	9.175278	9.002044	9.155944	8.995044	8.996272	9.073825	9.081741	8.864301	8.885733	9.015888	8.917372
1415842_at	7.569302	7.719926	7.631942	7.709604	7.648152	7.727189	7.757375	7.609914	7.53125	7.464167	7.560111	7.332132	7.476652	7.502157	7.594986	7.484948	7.502445	7.611863
1415843_at	6.382779	6.308821	6.292834	6.132668	6.367703	6.250936	5.986651	5.810469	5.997716	5.767923	6.04454	5.860375	6.049424	6.09962	6.17605	6.340848	6.201919	6.139108
1415844_at	3.442524	3.322123	3.391308	3.472168	3.497309	3.451855	3.437698	3.414008	3.432089	3.412329	3.389418	3.413661	3.41471	3.391799	3.300351	3.428087	3.381623	3.458872
1415845_at	5.79288	5.728008	5.664719	5.815188	5.745639	5.689376	5.830816	5.781654	5.724612	5.680306	5.704857	5.846045	5.816579	5.716379	5.742637	5.852273	5.716945	5.755019
1415846_a_at	3.925699	4.006323	3.705492	3.894474	3.840882	3.775419	3.826624	3.818149	3.931171	3.799615	3.773753	3.82319	3.846209	3.849433	3.983369	3.82148	3.920055	3.867028
1415847_at	6.093074	6.384426	5.959587	6.006286	6.404798	6.093387	6.429431	5.999986	6.093305	6.027002	6.136052	6.096687	6.067626	6.125768	6.343496	6.094459	6.098683	5.912144
1415848_at	7.710911	7.583476	7.783476	7.640184	7.669721	7.750969	7.80227	7.519674	7.761875	7.743882	7.68505	7.628695	7.737142	7.750009	7.769321	7.694977	7.656926	7.527227
1415849_s_at	7.903462	8.076068	9.338021	9.059871	8.228261	8.010532	8.467993	8.476989	8.292611	8.304488	8.289475	8.347417	7.892223	8.029338	8.036984	8.081107	9.109682	9.215578
1415850_at	7.554536	7.468394	7.769862	7.795292	7.646434	7.596183	7.6011	7.520543	7.535654	7.705393	7.465623	7.537421	7.56503	7.503624	7.480912	7.557005	7.597047	7.718352
1415851_a_at	9.090393	8.845044	8.921986	8.861254	8.925551	8.847342	9.215661	9.336411	9.215385	9.179024	8.994788	9.209853	8.979155	9.177902	9.027119	8.985123	8.921907	9.053225
1415852_at	9.573853	9.546706	9.419203	9.291435	9.443939	9.276774	9.56864	9.470178	9.447673	9.552045	9.422956	9.396992	9.500816	9.432888	9.464109	9.573846	9.218076	9.342059
1415853_at	9.060027	9.086306	9.039353	8.996532	8.952074	9.073978	9.007302	8.936283	8.809217	8.746204	8.860118	8.792045	9.077419	9.076149	8.991724	9.021723	9.137369	9.005686
1415854_at	3.900692	3.804798	3.920338	3.821752	3.828568	3.792758	3.856027	3.79562	3.708412	3.73371	3.835825	3.713683	3.838916	3.682097	3.940168	3.816769	3.768689	3.835825
1415855_at	5.266139	5.130986	4.963984	5.033717	5.274009	5.262476	5.151474	5.425464	5.166454	5.271177	5.262452	5.348009	5.101138	5.162123	4.915214	5.130362	4.902113	5.152295
1415856_at	4.50887	4.533268	4.282161	4.535455	4.543441	4.744761	4.519978	4.562768	4.526844	4.392953	4.688158	4.530636	4.462349	4.43323	4.473564	4.448621	4.437467	4.576382
1415857_at	6.890803	7.055013	6.857907	7.039513	7.170915	7.081216	6.986081	6.882564	6.743388	6.745433	7.012915	6.851775	6.848893	6.967437	7.0043	7.058876	6.878797	6.922156
1415858_at	10.458417	10.52315	10.392942	10.225031	10.300612	10.409111	10.439767	10.574134	10.391274	10.499728	10.349529	10.52167	10.469352	10.436891	10.40237	10.482752	10.289799	10.276738
1415859_at	9.119953	8.843523	9.368613	9.34027	8.887533	9.112415	9.248536	9.42317	9.190133	9.18956	9.052565	9.128048	8.942948	9.000797	9.119543	9.155788	8.737318	8.814523
1415860_at	9.076601	8.977017	9.128696	9.114569	9.364379	9.285589	9.438973	9.606729	9.328459	9.38996	8.930717	9.029927	9.137115	9.12467	8.92351	8.987136	9.053981	9.165172
1415861_at	4.579505	4.661888	4.553878	4.472959	4.673482	4.50168	4.764259	4.381134	4.545677	4.558109	4.647278	4.44897	4.602638	4.692359	4.495491	4.486738	4.487199	4.625924
1415862_at	5.187705	4.82202	5.047868	5.092055	5.077599	5.042527	5.097245	4.712967	5.100194	5.012228	5.153964	5.061315	5.144962	5.234243	4.927778	5.004004	5.011957	5.264833
1415863_at	10.671093	10.702001	10.600266	10.643243	10.675147	10.660177	10.492473	10.709108	10.728629	10.801759	10.721669	10.642969	10.733401	10.705659	10.600216	10.722573	10.597728	10.461048
1415864_at	6.974018	7.061932	6.763048	6.848432	6.848432	6.836969	6.731313	7.076144	6.903166	7.070278	6.798083	6.887832	6.727865	6.899394	6.681143	6.576159	6.617207	6.769893
1415865_s_at	7.083715	7.131557	7.028773	7.063839	6.943254	6.990279	6.976457	7.083555	7.360463	7.206116	7.027114	7.07344	6.988905	7.221946	6.994232	6.936642	7.03504	7.063621
1415866_at	7.750122	7.84475	7.682755	7.705236	7.803703	7.82266	7.417914	7.344059	7.451257	7.498259	7.440581	7.358165	7.534844	7.507388	7.554557	7.66965	7.712023	7.627488
1415867_at	10.3511	10.308908	10.53438	10.444584	10.375566	10.332793	10.533996	10.538301	10.552038	10.591615	10.584747	10.587547	10.403009	10.418021	10.420843	10.478949	10.404704	10.378678
1415868_at	5.013047	4.956097	4.721809	4.717088	5.164496	4.931284	4.961471	5.036139	4.574357	4.860875	4.920947	4.737223	4.806583	4.922002	4.849367	5.067751	4.971106	5.064928
1415869_a_at	9.516657	9.374783	9.470073	9.348132	9.364955	9.380208	9.310678	9.272183	9.375475	9.413415	9.174202	9.182746	9.309423	9.362834	9.262384	9.334259	9.308361	9.395127
1415870_at	10.115889	10.160471	9.986806	9.96135	9.997498	10.032198	10.13806	10.195164	9.975749	10.017323	9.943031	9.99238	10.032528	10.080343	9.98226	10.099294	9.921628	9.939161
1415871_at	8.139753	8.202175	8.422737	8.565217	8.148633	8.314724	8.530054	8.619991	8.410676	8.538782	8.596265	8.629694	8.344265	8.3671	8.347937	8.448265	8.201134	8.37344
1415872_at	9.406229	9.40451	9.478364	9.489572	9.530565	9.57682	9.5326	9.671043	9.686742	9.749144	9.531019	9.642021	9.349342	9.435992	9.439652	9.510566	9.30781	9.426846
1415873_a_at	9.079401	8.958781	9.046926	8.929968	9.00505	8.907556	8.900738	8.85039	8.848283	8.997964	8.734248	8.678443	8.935268	8.941842	8.867973	9.008196	9.030269	8.9632
1415874_at	7.810591	7.829578	7.79337	7.761207	7.917021	7.912689	7.913372	7.823852	7.91988	7.732307	7.802128	7.815016	7.89168	7.968613	7.770246	7.770141	7.684851	7.922594
1415875_at	4.385574	4.535786	4.336973	4.568084	4.53378	4.538938	4.582585	4.296952	4.564474	4.473346	4.60913	4.568762	4.482129	4.669029	4.517367	4.505677	4.55216	4.55765
1415876_a_at	12.264246	12.334049	12.176258	12.192428	12.2447	12.188128	12.364576	12.336633	12.211764	12.245228	12.280637	12.317927	12.18176	12.158952	12.214133	12.258452	12.156814	12.126907
1415877_at	4.622342	4.458898	4.815993	4.734303	4.894669	4.726499	4.71391	4.670276	4.647289	4.596392	4.867334	4.510575	4.51274	4.454419	4.61486	4.729359	4.577906	4.852339
1415878_at	7.137459	7.196193	6.960868	7.034708	7.037692	6.910143	7.052019	6.989269	6.827946	6.885698	6.836171	6.900364	6.949431	6.778832	7.038966	6.88034	7.173232	7.088862
1415879_a_at	12.340343	12.26605	12.139834	12.209348	12.221577	12.160901	12.105044	12.149291	12.093305	12.137398	12.125232	12.050419	12.106304	11.968405	12.076732	12.036934	12.044197	12.106919
1415880_a_at	12.579585	12.607567	12.590943	12.576972	12.566889	12.546461	12.587877	12.496485	12.603674	12.590631	12.616251	12.539325	12.501707	12.484842	12.570067	12.599194	12.57243	12.523575
1415881_at	10.828242	10.809933	11.012077	10.979908	10.766646	10.92272	10.904667	10.860176	10.886206	10.9092	10.801578	10.905658	10.914886	10.81362	10.747701	10.855057	10.893423	10.989705
1415882_at	11.450121	11.498081	11.557988	11.512865	11.534569	11.594583	11.375508	11.35517	11.398413	11.481725	11.544335	11.506038	11.375951	11.364994	11.474316	11.519887	11.516539	11.530261
1415883_a_at	4.946494	5.07201	4.840093	4.836945	4.701991	4.946851	4.615848	4.622938	4.721809	4.388144	4.539162	4.591491	4.663266	4.720347	4.964754	4.930509	4.962206	4.785164
1415884_at	7.408476	7.505225	7.347203	7.422242	7.374307	7.465842	7.464046	7.212961	7.312815	7.144209	7.556061	7.256722	7.373675	7.298126	7.51159	7.476893	7.47887	7.475609
1415885_at	6.401457	6.008305	6.274511	5.952794	6.068711	5.823297	5.829616	5.776012	5.868942	5.803837	5.911064	5.741967	5.860813	5.527287	5.995697	5.932583	6.162765	5.921295
1415886_at	7.639586	7.828555	7.853094	7.703565	7.646609	7.660541	7.685603	7.564463	7.652987	7.638553	7.639326	7.64993	7.562614	7.608027	7.731969	7.712686	7.651921	7.818715
1415887_at	10.61668	10.693711	10.534371	10.494739	10.672676	10.699046	10.476514	10.590671	10.391712	10.445371	10.378858	10.5425	10.675421	10.712813	10.704015	10.731863	10.496149	10.556998
1415888_at	9.443829	9.45798	10.210505	10.125833	9.127916	9.679976	9.651899	9.844433	9.715548	9.783216	9.617674	9.563529	9.462286	9.434408	9.450019	9.536036	9.382827	9.384166
1415889_a_at	11.516971	11.551758	11.552994	11.693054	11.448944	11.465161	11.630236	11.705744	11.488751	11.544964	11.689578	11.572509	11.634064	11.570696	11.719458	11.687985	11.458375	11.395396
1415890_at	8.796702	8.808578	8.679034	8.583479	8.724664	8.614252	8.880816	9.017253	8.552061	8.664146	8.646828	8.641112	8.852248	8.874047	8.848949	8.915029	8.562568	8.558204
1415891_at	11.606142	11.560356	11.62756	11.685861	11.535564	11.603354	11.545447	11.504115	11.442706	11.431693	11.480725	11.453209	11.521269	11.445108	11.510816	11.508549	11.523679	11.546891
1415892_at	8.748356	8.943122	9.189739	9.184965	9.112215	9.140934	8.826203	9.001076	9.256478	9.411938	9.030359	9.111682	9.070813	9.025816	8.97493	9.110305	9.253703	9.158452
1415893_at	7.720399	7.776499	7.807668	7.70424	7.949771	7.930482	6.948626	7.153313	7.468878	7.534592	7.683729	7.523491	7.359548	7.414979	7.689561	7.706467	7.60151	7.44143
1415894_at	8.221057	8.367067	7.990264	8.152461	8.431625	8.591471	8.567825	8.577281	8.280588	8.32841	8.353429	8.41876	8.543139	8.587809	8.378944	8.52745	8.102279	8.069844
1415895_at	10.766842	10.929149	10.716016	10.772126	10.894486	10.935332	10.773596	10.546701	10.576047	10.52454	10.675481	10.646913	10.732608	10.681075	10.907084	10.863092	10.987093	10.795231
1415896_x_at	9.818003	10.043388	9.878636	9.941596	9.989026	10.032028	9.859054	9.655094	9.759057	9.666141	9.751653	9.739085	9.924669	9.858786	9.941853	9.866563	9.99657	9.961515
1415897_a_at	13.679052	13.681713	13.683227	13.7398	13.685508	13.691132	13.658316	13.652084	13.738379	13.688028	13.841381	13.647175	13.711667	13.651144	13.681713	13.704792	13.710735	13.689462
1415898_at	5.314516	5.469728	5.372929	5.118857	5.321317	5.369835	5.54948	5.478416	5.325485	5.21939	5.347576	5.321317	5.139064	5.422062	5.251713	5.13339	5.324913	5.281371
1415899_at	7.814459	7.622133	7.765485	7.643372	7.297756	7.407812	7.949036	8.194444	7.929455	7.958996	7.927552	8.155362	7.851789	7.867233	8.383702	8.430792	7.565885	7.837961
1415900_a_at	5.686302	5.750547	5.762671	5.599271	5.707458	5.731023	5.618262	5.691815	5.456708	5.557727	5.847749	5.590969	5.677701	5.716006	5.708368	5.792208	5.679498	5.701904
1415901_at	8.996228	9.173557	8.883835	8.797816	8.907473	8.847002	8.893545	8.976335	8.920323	8.824411	8.843873	8.895244	8.818217	8.915655	8.84487	8.99716	8.829595	8.89296
1415902_at	7.744787	7.83803	7.540397	7.286292	7.585523	7.723	6.925348	6.832861	6.958561	7.109033	7.130979	7.015073	7.104963	7.268412	7.212075	7.295895	7.262827	7.46483
1415903_at	6.862419	6.998423	6.778265	6.814163	6.837884	6.905161	7.073642	6.831306	7.006193	6.837009	7.182471	6.975968	6.92002	6.973637	6.959556	6.956929	6.932806	6.85652
1415904_at	9.210384	9.242893	8.641323	8.559092	9.903719	9.727423	8.670477	8.662311	8.833329	8.869267	8.713276	8.717336	8.152449	8.138142	8.39356	8.546758	8.486828	8.50105
1415905_at	5.881961	5.862524	5.476198	5.829289	5.684081	5.692512	5.797195	5.750514	5.848929	5.6107	5.601221	5.782529	5.757824	5.568557	5.78987	5.710818	5.770707	5.810704
1415906_at	11.776025	11.875629	11.899456	11.881631	12.038341	12.024611	12.035895	11.947043	12.145829	12.157128	11.675571	11.748035	11.677961	11.646985	11.617898	11.621712	11.835722	11.863509
1415907_at	8.837598	8.928085	8.952954	8.95571	8.667163	8.630764	8.68246	8.857641	8.752409	8.853	8.926623	8.896116	8.784075	8.939559	8.842087	8.924332	9.061325	9.015337
1415908_at	6.834219	7.21522	7.192578	7.354573	7.370452	7.29051	7.150749	7.665815	7.373605	7.443241	7.474252	7.433253	7.361727	7.281833	7.133341	7.435507	7.220755	7.297385
1415909_at	8.451305	8.550493	8.761199	8.712556	8.580111	8.547963	8.390775	8.586122	8.543742	8.663207	8.654816	8.69733	8.512996	8.575933	8.604425	8.583463	8.764047	8.637059
1415910_s_at	9.283989	9.313193	8.970999	9.043483	9.546515	9.4694	9.019653	8.937833	8.829998	8.840088	8.963294	8.944198	9.084215	9.036727	9.069932	9.108619	8.988349	8.977279
1415911_at	7.756979	7.65999	7.756979	7.833443	7.668561	7.81104	7.751696	7.723407	7.784795	7.702599	7.786144	7.877843	7.627057	7.729007	7.630097	7.732267	7.718771	7.848984
1415912_a_at	11.543469	11.650393	11.378289	11.32489	11.537536	11.466279	11.646856	11.66024	11.452209	11.525043	11.574639	11.480817	11.381425	11.431765	11.450494	11.510928	11.262405	11.249378
1415913_at	4.905716	5.12022	5.159048	5.061577	5.329534	5.123895	5.268734	5.43364	5.276123	5.305255	5.208283	5.267462	5.234633	5.465117	5.141188	5.240759	4.984754	5.22992
1415914_at	10.753734	10.77381	10.750769	10.690609	10.709682	10.780857	10.653158	10.743746	10.704858	10.743746	10.565783	10.551855	10.743586	10.758171	10.652907	10.728569	10.589722	10.596399
1415915_at	9.498233	9.438486	9.301951	9.277702	9.477141	9.432261	9.60815	9.653719	9.372432	9.499952	9.369461	9.387261	9.453146	9.450853	9.453256	9.482734	9.190358	9.272025
1415916_a_at	11.243927	11.343353	11.602223	11.510759	11.350137	11.368904	11.352499	11.262939	11.453311	11.485735	11.369048	11.445669	11.457353	11.397099	11.587763	11.518745	11.646514	11.574924
1415917_at	10.986277	10.968547	11.237405	11.156245	10.953715	10.963774	10.866373	10.864167	11.055689	11.19035	11.054747	11.070632	11.001124	11.019552	11.094018	11.087254	11.18419	11.187536
1415918_a_at	11.732998	11.827671	11.702226	11.690016	11.822838	11.837933	11.419836	11.431314	11.606176	11.565378	11.477095	11.521295	11.631587	11.548909	11.591558	11.622831	11.729922	11.767582
1415919_at	7.127757	7.319197	7.255251	7.20619	7.22995	7.21068	7.165227	7.299752	7.082921	7.05824	7.190232	7.16368	7.181298	7.109075	7.198012	7.091964	7.305349	7.218615
1415920_at	8.78039	8.925525	9.085871	9.014221	8.918942	8.879534	8.861789	8.935731	8.840919	8.905281	9.029575	9.027724	9.028906	9.038355	8.92449	8.965081	9.014824	8.895147
1415921_a_at	5.905885	5.867991	6.042005	5.8992	5.914228	5.967962	5.864772	5.80674	5.629386	5.68459	5.795743	5.806365	5.914228	5.810147	5.962167	5.957104	5.959887	6.060827
1415922_s_at	8.939799	8.905851	8.9057	8.811897	9.047219	9.042487	8.757844	9.024	8.753194	8.644423	8.881313	8.930203	8.911166	8.96143	8.800637	8.717353	8.921347	9.03233
1415923_at	4.807309	4.851393	4.816962	4.901106	4.78312	4.83566	4.736282	4.859305	4.857166	4.800659	4.859135	4.904425	4.86293	5.06266	4.733137	4.48834	4.802451	5.005973
1415924_at	4.775781	4.644522	4.739875	4.606861	4.721445	4.63407	4.760482	4.617416	4.55372	4.562146	4.361507	4.666189	4.621999	4.542858	4.622293	4.539782	4.622537	4.620121
1415925_a_at	8.123152	8.227521	8.383694	8.235358	8.065871	7.844646	8.194037	8.328882	8.123248	8.221051	8.094228	8.216239	8.217494	8.265962	7.931251	8.16549	8.336601	8.293713
1415926_at	8.000613	7.814271	7.987463	7.996491	7.703035	7.755419	7.827546	8.098109	8.041277	7.87742	8.049883	8.06833	7.940042	7.96063	7.722571	7.70868	8.032754	8.106362
1415927_at	5.572113	5.468877	5.127961	5.445305	5.727929	5.881131	5.508804	5.341435	5.105234	5.179852	5.256872	5.195306	5.250737	5.310754	5.2385	5.328946	5.244033	5.405218
1415928_a_at	10.396344	10.342232	10.406957	10.350168	10.266421	10.131062	10.598922	10.622466	10.666584	10.65533	10.366883	10.474492	10.31013	10.418672	10.351239	10.358292	10.388727	10.341114
1415929_at	10.205513	10.358397	10.280814	10.173172	10.088015	10.107789	10.368587	10.378452	10.453093	10.557072	10.257158	10.268394	10.201459	10.216369	10.16903	10.233878	10.152208	10.202063
1415930_a_at	10.364553	10.338403	10.199437	10.26011	10.257626	10.286872	10.301461	10.420897	10.589633	10.66701	10.515155	10.44613	10.276136	10.233772	10.3587	10.323569	10.148347	10.102496
1415931_at	5.342318	5.355183	5.194362	5.416356	5.299804	5.218485	5.424062	5.297425	5.339735	5.328437	5.534339	5.323602	5.429049	5.369004	5.263109	5.413118	5.350656	5.386001
1415932_x_at	9.136909	9.197468	9.038489	9.003927	9.021471	8.925295	8.826932	8.795843	8.537062	8.653816	8.568735	8.532402	8.701464	8.837028	8.824537	8.752293	9.012916	8.926769
1415933_a_at	12.378978	12.514225	12.463778	12.527148	12.50295	12.484982	12.377661	12.419622	12.453891	12.479521	12.521203	12.360937	12.46862	12.392977	12.473116	12.475345	12.566441	12.393619
1415934_at	8.221554	8.443145	8.459333	8.499059	8.264411	8.285075	8.312048	8.452538	8.346535	8.439899	8.30679	8.33809	8.357876	8.392243	8.187695	8.369048	8.185141	8.353092
1415935_at	5.818874	6.026159	5.899182	5.832758	5.842869	6.073183	6.119973	6.02867	6.338997	6.374027	6.277451	6.181909	5.620805	5.750467	5.757163	5.849555	5.732352	6.0856
1415936_at	8.94437	8.880979	8.968272	8.915988	8.888035	8.896268	9.093856	9.139653	8.810137	8.785379	8.937746	8.963893	8.94047	9.050017	8.848292	8.927248	8.855908	8.89048
1415937_s_at	7.851688	7.753591	8.084247	8.148999	7.903607	7.969599	7.960243	8.241547	8.241372	8.172526	8.169841	8.095712	8.080658	8.141384	7.791207	7.938968	8.021284	8.160001
1415938_at	4.637092	4.69744	4.470422	4.601737	4.625	4.724654	4.555287	4.649919	4.653295	4.579643	4.593937	4.636149	4.533268	4.661572	4.834718	4.701847	4.648291	4.607219
1415939_at	7.07388	7.191442	7.023828	7.111661	7.115813	7.118293	7.217742	7.019519	7.070698	6.992602	7.201711	7.102962	7.048578	7.128946	7.033683	6.932898	7.124373	7.115294
1415940_at	7.337934	7.592356	7.516894	7.401186	7.381581	7.560965	7.308276	7.385969	7.514992	7.37798	7.139875	7.623585	7.464834	7.60463	7.267758	7.486102	7.515207	7.627329
1415941_s_at	4.905038	4.69744	4.849736	4.842627	4.915306	4.786052	4.574228	4.894755	5.008284	5.015199	4.833105	4.986869	4.63064	4.930648	4.656926	4.886427	4.851982	4.843105
1415942_at	13.135916	13.086292	13.020745	13.030541	13.064554	13.144807	13.051608	13.03353	12.990135	13.036384	13.047023	13.016919	13.044352	12.972349	13.045852	13.034238	12.942341	12.984489
1415943_at	11.554042	11.569135	11.792996	11.783842	11.702941	11.715666	11.13053	11.07903	11.320439	11.311303	11.365131	11.404025	11.378578	11.349448	11.47573	11.459571	11.68172	11.652733
1415944_at	10.356827	10.339764	10.478437	10.469214	10.265151	10.35044	9.780318	9.793673	9.978249	10.068966	9.994283	9.968731	10.005746	10.010518	10.01585	10.115606	10.292561	10.427809
1415945_at	5.474945	5.703495	5.681525	5.600832	5.466595	5.526127	5.716207	5.841083	5.19565	5.288669	5.342788	5.316083	5.342853	5.292706	5.471831	5.48587	5.558237	5.611815
1415946_at	8.64022	8.886995	8.767861	8.798801	8.622787	8.653144	8.536969	8.568563	8.414911	8.608538	8.38664	8.410602	8.54678	8.70872	8.529864	8.635875	8.633314	8.693509
1415947_at	11.900047	11.976104	12.444819	12.421533	12.025997	12.032239	12.250789	12.191687	12.406823	12.485306	12.33649	12.279173	12.167365	12.118992	12.199703	12.246612	12.403055	12.356804
1415948_at	11.379122	11.399099	11.78618	11.777018	11.389307	11.424288	11.376393	11.383197	11.858019	11.911069	11.770873	11.692946	11.566125	11.490086	11.608615	11.660612	11.740613	11.694525
1415949_at	3.969832	3.90385	4.06367	4.10166	4.019517	3.788818	4.077036	4.05164	3.98856	3.936945	4.099362	4.12243	3.925104	3.895947	3.869271	3.822602	3.878591	3.913215
1415950_a_at	12.818721	12.863322	12.603267	12.571557	12.564304	12.663253	11.521131	11.466979	11.450517	11.452337	11.37829	11.382204	12.353841	12.342629	12.391756	12.427564	12.555429	12.568167
1415951_at	6.05766	6.148464	6.106005	6.057142	6.116689	6.00707	6.153822	6.040184	6.061986	6.041556	6.06729	6.233329	6.101939	5.985708	6.069637	6.116221	5.990937	6.307649
1415952_at	7.836543	7.75859	7.828738	7.71933	7.760076	8.015621	7.839713	7.643986	7.674462	7.71623	7.490414	7.619558	7.65621	7.575211	7.593445	7.599902	7.478741	7.555209
1415953_s_at	7.577414	7.584263	7.617149	7.583422	7.511867	7.561804	7.516312	7.492265	7.561765	7.515983	7.468676	7.436498	7.669268	7.498617	7.699866	7.584957	7.777737	7.571523
1415954_at	3.886763	3.857574	3.79176	3.899602	4.004011	3.84806	3.918314	3.780517	3.84768	3.735352	3.740559	3.708385	3.738369	3.811526	3.851305	3.79176	3.788183	3.851228
1415955_x_at	8.094403	8.181138	8.068702	8.161625	8.160332	8.094742	8.102776	7.797748	7.91982	7.942979	8.158693	7.808189	8.125336	7.907864	8.290499	8.166625	8.234862	8.074104
1415956_a_at	7.8298	7.929002	7.984641	7.919898	7.793053	7.902318	7.759479	7.903681	7.843182	7.906701	7.755817	7.918908	7.900922	7.9437	7.895604	7.994872	7.910476	7.92675
1415957_a_at	8.383674	8.332876	8.161401	8.107847	8.22504	8.229714	8.052024	8.301465	8.086288	8.220538	8.223432	8.36456	8.192085	8.270775	8.241354	8.213112	7.961879	8.00497
1415958_at	6.862546	6.979163	6.818912	6.625468	6.588239	6.88293	6.757107	6.721362	6.601949	6.884601	6.635814	6.8207	6.682234	6.740124	6.640971	6.683208	6.651737	6.948778
1415959_at	6.140405	6.273095	6.305268	6.210801	6.306145	6.234126	6.092746	6.066816	6.225388	6.179483	6.333316	6.133549	6.385984	6.241059	6.364986	6.216992	6.238709	6.279035
1415960_at	6.24887	6.144815	6.115719	6.244604	6.353405	6.298039	6.116059	5.996499	6.032205	6.224672	6.109823	6.048621	6.167681	6.106119	6.009139	6.092504	6.254868	6.189486
1415961_at	9.515229	9.513453	9.392899	9.380736	9.501087	9.440509	9.327359	9.523504	9.272876	9.367777	9.279265	9.222822	9.283448	9.273653	9.335017	9.27795	9.344508	9.352029
1415962_at	10.397714	10.475	10.391789	10.392494	10.319509	10.301692	10.482985	10.494822	10.456011	10.512552	10.448683	10.484967	10.293967	10.297322	10.313579	10.397477	10.22783	10.381573
1415963_at	9.232862	8.982148	9.037058	9.16925	9.067007	9.094646	9.300127	9.308025	9.378213	9.441672	9.350209	9.37405	9.261605	9.172628	9.039728	9.139136	8.980833	9.026949
1415964_at	13.75189	13.778626	13.786956	13.845639	13.638922	13.618294	13.93978	13.939258	14.142129	14.100607	13.931794	13.906127	13.985795	13.93488	13.836471	13.759398	13.805048	13.80789
1415965_at	11.429833	11.484324	11.389461	11.411265	11.335061	11.431556	11.016184	11.227271	11.984335	12.019701	11.659178	11.699348	11.76064	11.699484	11.499348	11.550806	11.347322	11.133155
1415966_a_at	10.869369	10.967363	10.999492	10.960661	10.851881	10.847705	10.786568	10.849406	10.88353	10.962861	10.748647	10.853652	10.97691	10.899795	10.92901	11.059426	10.890146	10.934759
1415967_at	11.092094	11.147502	11.016836	11.001037	10.997739	10.954622	10.879789	10.861443	10.881579	10.921579	10.835137	10.835508	10.970064	10.94387	10.934302	11.010279	10.946561	10.968541
1415968_a_at	7.258277	7.496216	7.252074	7.275772	7.331782	7.581805	7.360415	7.326867	7.229981	7.106644	7.417794	7.316365	7.437348	7.46483	7.27886	7.353023	7.432016	7.473424
1415969_s_at	4.633053	4.738641	4.563446	4.612535	4.603346	4.73666	4.543426	4.48122	4.786098	4.284518	4.648792	4.618418	4.497524	4.597816	4.485165	4.592418	4.605429	4.766258
1415970_at	12.84767	12.939096	12.89434	12.865002	12.89593	12.843802	12.898684	12.822642	12.84708	12.92711	12.84708	12.832397	12.931406	12.899299	12.92754	12.87433	12.880163	12.850236
1415971_at	7.983745	7.921342	8.095174	8.259608	8.227784	8.230121	7.862218	8.01646	8.027912	7.975217	7.848308	7.851706	7.584075	7.508425	7.652609	7.75919	7.959751	8.035467
1415972_at	7.514813	7.473526	7.721502	7.720672	7.659966	7.598821	7.632683	7.903113	7.735415	7.701403	7.543505	7.537338	7.349918	7.394086	7.26161	7.40754	7.619648	7.759657
1415973_at	8.307184	8.30248	8.390623	8.378731	8.420558	8.389233	8.209928	8.328455	8.329549	8.537119	8.368206	8.31169	8.159242	8.306012	8.009384	8.200145	8.302294	8.412341
1415974_at	9.788526	9.825529	9.944575	9.923546	9.597288	9.759414	9.911484	9.995381	9.823975	9.880293	9.713077	9.702456	9.697529	9.691431	9.623747	9.704462	9.647636	9.750742
1415975_at	9.362762	9.37134	9.550152	9.447775	9.209056	9.187482	9.100185	9.318182	9.307415	9.331401	9.181825	9.3319	9.339222	9.287602	9.231053	9.229603	9.356845	9.456762
1415976_a_at	8.984225	8.97988	9.129838	9.065893	9.055056	8.958275	8.949621	8.942032	8.91466	8.975522	9.144553	9.059181	8.906056	8.898081	9.065385	9.075083	8.995801	9.111709
1415977_at	7.024822	6.980277	7.031843	7.032572	7.043811	7.098194	6.945718	6.948006	6.834219	6.853058	6.90928	7.019535	6.884077	6.742157	6.924574	6.742976	6.961168	6.987308
1415978_at	4.478052	4.382387	4.555111	4.355742	4.425684	4.343624	4.450981	4.326274	4.245873	4.077411	4.273151	4.287911	4.350214	4.172425	4.242364	4.458625	4.514572	4.221111
1415979_x_at	11.98505	12.07731	11.987479	11.996562	11.970217	11.914667	12.143959	12.088511	12.104189	12.18051	12.189593	12.162298	12.062302	11.969062	12.060634	12.17143	11.958739	11.997701
1415980_at	10.998121	11.047592	11.077823	11.045346	10.990432	10.870704	11.164338	11.06318	11.074325	11.06883	11.079835	11.143831	10.913432	10.931813	11.089271	11.057784	10.99914	11.035017
1415981_at	8.601407	8.49493	8.613009	8.756348	8.713658	8.516359	8.726321	8.88215	8.916268	9.100825	8.774541	8.731387	8.749699	8.699419	8.626901	8.745729	8.447542	8.719723
1415982_at	8.455525	8.367749	8.388524	8.177001	8.32352	8.240493	8.229267	8.209877	8.332248	8.351996	8.27942	8.18114	8.158549	8.284349	8.206685	8.300262	8.1423	8.145304
1415983_at	9.649561	9.716809	9.593889	9.601145	9.515647	9.52268	9.646817	9.755525	9.869412	9.937337	9.702524	9.665718	9.5095	9.52529	9.361378	9.497622	9.583113	9.613281
1415984_at	12.28628	12.260088	12.394162	12.334713	12.117661	12.170234	12.44218	12.445366	12.345671	12.418671	12.367537	12.353678	12.360007	12.336995	12.259514	12.353268	12.351186	12.369261
1415985_at	8.834036	8.837146	8.921829	8.796184	8.902019	8.815437	8.64903	8.913425	8.775618	8.800016	8.743672	8.762356	8.86485	8.955397	8.83953	8.800572	8.869335	8.858903
1415986_at	8.583684	8.599422	8.910722	8.799748	8.52897	8.568842	9.26128	9.251612	9.170463	9.210113	9.087323	9.103124	8.907102	8.925044	8.722197	8.944114	8.651186	8.859644
1415987_at	10.540223	10.497747	10.370306	10.344696	10.309005	10.493301	10.435374	10.431489	10.298018	10.346442	10.223004	10.245976	10.351184	10.297259	10.369137	10.513545	10.21845	10.305891
1415988_at	7.987923	7.652302	7.281141	7.286952	8.016728	7.972866	7.370731	7.502001	7.440032	7.447635	7.373026	7.25221	7.197505	7.146563	7.611303	7.754734	6.958419	7.160287
1415989_at	7.121881	7.376731	7.030235	7.029082	7.302834	7.393882	6.990977	7.287905	7.076539	7.069919	6.971724	7.017337	6.884601	6.819414	6.795305	6.857903	6.934175	6.9575
1415990_at	10.74181	10.821676	10.633194	10.531859	10.841744	10.729581	10.715505	10.667927	10.663024	10.680475	10.636993	10.61622	10.645511	10.566345	10.726031	10.752468	10.54125	10.545815
1415991_a_at	10.910923	10.855599	10.725332	10.634526	10.67365	10.692642	10.867609	10.747162	10.710748	10.70602	10.69029	10.803641	10.798604	10.78827	10.71243	10.758617	10.805764	10.750849
1415992_at	8.100129	8.2699	7.978777	8.131981	8.186316	8.184356	8.046497	8.18224	7.949708	8.013876	8.022307	7.980042	8.065789	8.159836	8.067248	8.154565	8.114274	8.193902
1415993_at	10.498043	10.463063	10.003451	9.961568	10.023899	9.963064	10.589738	10.587604	10.213722	10.291503	9.863026	9.887977	9.883597	9.90394	9.775601	9.880789	9.87608	9.962519
1415994_at	13.473881	13.639744	13.694384	13.730709	13.664614	13.678489	13.642869	13.65418	13.601529	13.622043	13.846694	13.689615	13.679926	13.719075	13.785981	13.821576	13.713032	13.63227
1415995_at	8.887538	8.997347	9.158821	9.072767	8.818481	8.755622	9.253043	9.21047	9.343296	9.365022	9.293711	9.313342	8.988145	9.053517	9.151305	9.207577	9.093057	9.123927
1415996_at	9.639837	9.626658	9.996136	9.971466	9.496761	9.595286	10.639541	10.684145	10.159557	10.177033	10.269095	10.366869	9.941682	9.871731	10.015633	10.088697	9.958669	9.897247
1415997_at	9.391681	9.396809	9.500756	9.479733	9.285756	9.332027	9.811835	9.826341	9.390274	9.435147	9.747727	9.758316	9.343417	9.315542	9.576997	9.530371	9.332931	9.421583
1415998_at	11.04706	11.07363	11.143003	10.964031	10.974546	10.938519	11.11522	11.095255	11.235945	11.246625	11.092716	11.099782	11.007633	10.983416	10.930859	11.014694	11.075632	11.126408
1415999_at	6.398303	6.516512	6.294734	6.365964	6.44428	6.440776	6.419319	6.166356	6.122922	6.377731	6.332675	6.239132	6.301462	6.140902	6.368831	6.330013	6.447068	6.455668
1416000_a_at	13.04572	13.148284	13.181329	13.196431	13.122918	13.15506	13.107991	13.02556	13.047275	13.05962	13.036737	13.065051	13.073106	13.027143	13.09882	13.11734	13.20517	13.136496
1416001_a_at	9.278051	9.356486	9.182295	9.399559	9.391022	9.486486	9.373575	9.164062	9.262622	9.222997	9.347257	9.173799	9.339188	9.238798	9.406745	9.482328	9.380068	9.209579
1416002_x_at	7.184827	7.38078	7.335329	7.326179	7.273441	7.412064	7.340864	7.233297	7.344572	7.234173	7.30345	7.226358	7.201903	7.091545	7.074573	7.245553	7.304982	7.323759
1416003_at	3.548613	3.714511	3.5843	3.704799	3.620226	3.710282	3.520156	3.736797	3.612988	3.565661	3.609428	3.635787	3.701978	3.699118	3.627619	3.61393	3.586291	3.715917
1416004_at	9.090976	9.12861	9.15761	9.079022	9.125995	9.074212	9.145787	9.100163	9.121372	9.192666	9.017999	9.042373	9.04445	8.969976	8.914709	8.975757	9.057099	9.111794
1416005_at	9.472391	9.440679	9.578464	9.532667	9.539397	9.433073	9.502694	9.526268	9.48032	9.581337	9.506327	9.515139	9.565513	9.534086	9.594024	9.609094	9.472901	9.511999
1416006_at	6.41899	6.095683	6.248361	6.282923	6.261395	6.334423	6.29608	6.317942	6.169165	6.023449	6.356744	6.326231	6.207682	6.094724	6.289872	6.270096	6.16651	6.033325
1416007_at	4.101094	4.255749	4.258457	4.085132	4.26139	4.394066	4.329423	4.238819	4.100048	4.176007	4.073433	4.261005	4.402579	4.250138	4.090162	3.950737	4.054857	4.302864
1416008_at	3.56561	3.63556	3.612484	3.565479	3.62617	3.723163	3.576866	3.756081	3.62625	3.718651	3.723041	3.780645	3.709773	3.722716	3.608849	3.64334	3.597115	3.640997
1416009_at	7.454357	7.308556	7.407089	7.476823	7.54869	7.457581	7.609743	7.75447	7.517872	7.559684	7.498231	7.595197	7.425308	7.372361	7.366149	7.492553	7.626875	7.479153
1416010_a_at	8.426155	8.346089	8.387363	8.418112	8.314111	8.348598	7.8065	7.989346	8.245256	8.241696	8.148018	8.018866	7.906248	8.011724	8.161805	8.188394	8.327503	8.243284
1416011_x_at	8.575011	8.536755	8.547214	8.480749	8.510627	8.464365	8.106797	8.085553	8.285776	8.38236	8.173347	8.170725	8.172484	8.227532	8.347689	8.311119	8.473301	8.441913
1416012_at	7.180945	7.167578	6.971208	7.026958	7.015094	6.836491	6.702677	6.536546	6.825859	6.767249	6.857851	6.722993	6.889771	6.800026	6.951438	6.879415	6.883639	6.884601
1416013_at	8.776668	8.722974	8.809604	8.709367	8.808233	8.752758	8.705113	8.790416	8.724452	8.707948	8.699005	8.721892	8.5533	8.619861	8.643013	8.609446	8.624262	8.735062
1416014_at	9.327949	9.357364	8.997218	9.005067	9.203057	9.227823	9.233483	9.340352	9.305042	9.359851	9.222181	9.211239	9.246078	9.284791	9.202622	9.254081	8.948773	9.000763
1416015_s_at	9.060003	9.098453	8.832915	8.877947	9.09643	9.036055	9.050435	9.326676	9.153357	9.250545	9.119441	9.07952	9.06066	9.144949	8.987528	9.081027	8.778006	8.671572
1416016_at	8.021538	8.253093	8.296199	8.144779	7.996391	8.199347	8.0875	7.999733	8.054043	8.057297	7.999102	7.988014	7.936924	7.989726	8.031585	8.066296	8.113135	8.192722
1416017_at	8.65481	8.533722	8.464839	8.519976	8.520646	8.52897	8.458903	8.524422	8.331207	8.251503	8.265656	8.350062	8.456438	8.43431	8.286486	8.48988	8.364059	8.507989
1416018_at	6.829314	7.122315	7.11302	7.455253	7.199681	7.143851	7.160437	7.562631	7.573834	7.600434	7.37575	7.492454	7.29911	7.340394	7.101736	7.255849	7.205168	7.183475
1416019_at	6.229812	6.545695	6.248936	6.151261	6.400017	6.510748	5.902996	6.336466	6.405281	6.563064	6.347128	6.548757	6.081768	6.53303	6.359969	6.532679	6.369849	6.201555
1416020_a_at	11.991533	11.995784	11.930555	11.941213	11.931142	11.957021	11.703732	11.659337	11.651266	11.692867	11.632004	11.653936	11.774774	11.786749	11.797771	11.861041	11.872041	11.924909
1416021_a_at	10.617664	10.625189	9.019252	9.165727	9.875362	9.713896	11.314909	11.404636	10.519099	10.653215	10.339742	10.457027	9.722606	9.692522	9.123672	9.360971	8.997608	9.095801
1416022_at	10.560013	10.496549	8.69006	8.706952	9.570016	9.398272	10.935413	11.052708	10.089503	10.172995	10.13279	10.178559	9.231136	9.445283	8.949752	8.978676	8.438125	8.617979
1416023_at	6.513708	6.188422	6.398026	6.26047	6.473676	6.342216	6.220114	6.020272	6.163908	6.196487	5.927028	5.897684	6.269091	6.091235	6.192037	6.166264	6.368698	6.256852
1416024_x_at	10.924354	10.896909	10.939639	10.845005	10.940677	10.855728	10.973884	11.004587	10.829575	10.835973	10.812548	10.814577	10.858616	10.792996	10.846518	10.819697	10.810516	10.889235
1416025_at	13.798881	13.841363	13.669373	13.687399	13.811848	13.79227	13.770217	13.753742	13.748707	13.726115	13.780054	13.704117	13.825508	13.74031	13.787592	13.777816	13.612868	13.602021
1416026_a_at	11.851382	11.869998	11.472265	11.505945	11.901226	11.812308	11.740392	11.784611	11.734408	11.739962	11.696714	11.719717	11.558144	11.547454	11.726964	11.782121	11.349261	11.348391
1416027_at	10.149571	10.177562	10.256658	10.227725	10.139685	10.151158	10.126036	10.155764	10.301421	10.309514	10.206113	10.207935	10.229846	10.213584	10.299771	10.297391	10.30537	10.229923
1416028_a_at	6.465905	6.581606	6.752844	6.421625	6.611199	6.366416	6.682719	6.67386	6.663743	6.70141	6.732575	6.737726	6.376527	6.47876	6.227104	6.455381	6.350472	6.635009
1416029_at	8.472546	8.438994	8.251956	8.354079	8.401545	8.339045	9.01717	9.170632	8.64486	8.762227	8.121498	8.043541	8.152743	8.154988	8.220793	8.431585	8.087614	8.147341
1416030_a_at	8.194479	8.113969	8.136211	7.683027	7.916713	7.835305	7.847804	7.906698	7.779492	7.749553	7.799152	7.734663	7.77379	7.749882	7.712761	7.83491	7.875037	7.941607
1416031_s_at	7.868893	7.859442	7.905766	7.839316	7.799169	7.658609	7.892326	7.866842	7.758815	7.730145	7.675804	7.749259	7.821472	7.78272	7.679506	7.694135	7.89556	7.944444
1416032_at	8.810572	8.806323	8.666147	8.502404	8.442855	8.631541	8.568757	8.550431	8.378275	8.423494	8.405688	8.349147	8.427316	8.417188	8.494904	8.420903	8.491326	8.537954
1416033_at	6.143036	6.022161	6.153632	5.964669	6.049172	5.940232	6.151883	5.898218	5.929247	5.966126	5.752843	6.064238	6.178085	5.785245	6.032704	6.055489	6.021115	6.092459
1416034_at	5.459097	5.713435	5.520395	5.479161	5.569948	5.404773	5.361506	6.131271	6.44428	6.553838	5.594506	5.752637	5.583301	5.535809	5.41009	5.306677	5.520409	5.730233
1416035_at	6.649019	6.725438	6.834078	6.790054	6.865556	6.746896	7.223944	7.434971	7.309063	7.324526	7.229433	7.358164	6.984463	7.06077	6.798628	6.888022	6.654179	6.840362
1416036_at	9.405482	9.424502	9.364081	9.194492	9.372181	9.383037	9.354925	9.251093	9.094498	9.104666	9.265078	9.254981	9.100301	9.159335	9.065088	9.149461	9.059593	9.050024
1416037_a_at	9.959195	10.099501	9.865371	9.747074	9.921089	9.880142	10.071825	10.100444	9.9054	10.076878	10.07407	10.025449	9.870593	9.894571	9.850772	9.891099	9.788216	9.782291
1416038_at	9.707695	9.848264	9.515139	9.411054	9.57394	9.49646	9.683111	9.857182	9.525152	9.546652	9.490661	9.43853	9.52184	9.511763	9.646479	9.677274	9.535637	9.497902
1416039_x_at	5.993937	6.13316	6.987976	6.922621	6.215771	5.798468	6.256021	6.388555	6.435494	6.462125	6.281522	6.497975	5.889629	6.071002	6.023565	6.083362	6.696739	6.67411
1416040_at	4.80157	4.693928	4.834343	4.907771	4.769955	4.944552	4.790434	4.732492	4.691647	4.594265	4.71905	4.590939	4.891233	4.930443	4.879915	4.645444	4.861238	4.708071
1416041_at	7.975191	7.934736	8.133913	8.162275	8.667444	8.609792	8.328066	8.605454	8.934015	9.117439	8.681822	8.871637	8.159199	8.179494	8.276888	8.40516	8.005793	8.038278
1416042_s_at	6.888591	7.079439	6.769829	6.752464	6.758528	6.828553	6.950657	6.844691	7.066157	7.125477	6.911766	6.912812	6.669467	6.850214	6.753338	6.790796	6.680432	6.748241
1416043_at	4.170879	4.061109	4.084175	3.842587	3.901588	3.873055	3.982656	3.958992	3.869723	3.915951	3.881388	3.898471	4.000525	3.7734	4.174775	3.972825	4.094294	4.06975
1416044_at	8.021788	8.066541	8.378084	8.295474	7.891065	7.808045	8.224694	8.385593	8.349638	8.425828	8.480284	8.366624	8.248027	8.191503	8.050738	8.251388	8.19958	8.2511
1416045_a_at	8.447292	8.408264	8.212957	8.154301	8.380595	8.230854	8.15009	8.183724	7.924036	7.957748	7.97566	8.193354	8.169624	8.185057	8.081161	8.338582	8.160629	8.297439
1416046_a_at	6.45134	6.420161	6.531548	6.448529	6.512936	6.398515	6.405773	6.530998	6.624555	6.617378	6.503365	6.772196	6.27948	6.505891	6.249212	6.587675	6.487092	6.573706
1416047_at	4.90574	4.797495	4.920359	4.871242	4.994776	4.922831	5.097936	5.06851	4.81831	4.743819	4.878024	4.872797	4.847347	4.733475	4.958767	4.892204	4.992842	4.90311
1416048_at	8.173899	8.168087	8.017698	8.010309	7.98719	8.127846	8.009979	7.98693	7.961745	8.13253	8.017079	7.978027	8.051813	8.005215	7.879567	7.975729	8.039752	8.020271
1416049_at	10.373353	10.526888	10.691717	10.670904	10.508144	10.522445	10.006961	10.032808	10.372913	10.546264	10.257245	10.305309	10.561135	10.582296	10.555343	10.629966	10.66135	10.631214
1416050_a_at	11.416319	11.479868	11.212782	11.078072	11.381078	11.370372	11.006202	10.954685	11.134519	11.174872	10.98386	11.087619	11.152161	11.1442	11.310136	11.311071	11.071262	11.116183
1416051_at	10.389026	10.389517	10.291447	10.243002	10.280183	10.41039	9.885363	10.029059	10.051182	10.168741	10.084704	10.164689	10.097072	10.064403	10.244329	10.22836	10.168871	10.162421
1416052_at	9.195413	9.240716	9.117667	9.096676	9.097521	8.990755	9.094041	9.08479	9.136926	9.164699	8.97072	9.025889	9.090279	9.053072	9.074427	9.144302	9.093032	9.070969
1416053_at	3.413581	3.541514	3.537905	3.4312	3.535802	3.528565	3.533681	3.554441	3.506743	3.515271	3.426087	3.491842	3.478784	3.504895	3.474203	3.722703	3.447079	3.476309
1416054_at	12.406576	12.466687	12.30558	12.252883	12.3712	12.336159	12.437381	12.346977	12.268784	12.327965	12.406168	12.397941	12.325401	12.200332	12.333671	12.347305	12.297833	12.28758
1416055_at	4.43323	3.974129	4.069607	4.062225	4.071927	4.054267	3.918279	3.809143	4.08447	3.978342	4.03844	3.89688	4.11287	4.072296	4.280887	4.078545	4.087819	4.085603
1416056_a_at	11.766832	11.830848	11.97282	12.011825	11.888466	11.777367	11.901854	11.870082	11.882152	11.898618	11.841967	11.766503	11.90388	11.813222	12.032885	11.959232	11.940076	11.923304
1416057_at	11.866338	11.819742	11.871679	11.815065	11.762244	11.706989	11.740363	11.787371	11.78785	11.811442	11.721496	11.764566	11.736516	11.736635	11.842776	11.828156	11.809907	11.832421
1416058_s_at	12.136868	12.226132	12.199808	12.153743	12.111694	12.161904	12.136536	12.108141	12.136536	12.184009	12.188408	12.072971	12.124426	12.027284	12.160227	12.156204	12.190028	12.169009
1416059_at	10.020995	10.012088	9.939811	9.853503	10.122578	10.026162	9.395422	9.376955	9.420104	9.470158	9.50311	9.42945	10.197069	10.13223	10.21485	10.161947	9.904752	9.925562
1416060_at	8.371416	8.451589	8.384902	8.458133	8.307456	8.254892	8.719325	9.089057	8.950293	8.98104	8.870883	8.833384	8.735805	8.758415	8.701623	8.609686	8.459332	8.295768
1416061_at	9.113477	9.10174	8.926717	8.789078	9.040048	8.958541	9.17775	9.112573	9.045194	9.190279	9.158671	9.238512	9.058223	9.017466	9.011922	9.089377	8.698186	8.746317
1416062_at	7.330662	7.339964	7.107764	7.121257	7.131149	7.177101	7.152558	7.177074	7.109538	7.200843	7.100911	7.0696	6.958359	7.111489	7.145377	7.25396	6.98041	6.865111
1416063_x_at	3.692666	3.739267	3.64473	3.669279	3.608344	3.756651	3.88007	3.650477	3.547545	3.554654	3.548774	3.406881	3.643679	3.604888	3.530257	3.550197	3.720653	3.592527
1416064_a_at	12.423153	12.546177	12.464589	12.501461	12.44029	12.391467	12.254867	12.157212	12.094538	12.144446	12.290603	12.188726	12.620371	12.47873	12.904836	12.925349	12.561773	12.416138
1416065_a_at	4.369709	4.280024	4.289421	4.472126	4.595674	4.466438	4.214385	4.651928	4.663847	4.75045	4.349519	4.546539	4.270939	4.354798	4.335678	4.380123	4.284892	4.263848
1416066_at	8.734507	8.617227	8.01729	7.843091	8.659158	8.528897	8.376813	8.435078	8.332876	8.462201	8.488855	8.504916	8.067611	8.232332	7.828483	7.98001	7.634178	8.006212
1416067_at	6.665735	6.578401	6.254327	6.189486	6.539479	6.45696	6.966601	7.148396	7.290608	7.216758	6.779904	6.87712	6.412195	6.338532	6.192957	6.27308	6.014839	6.033325
1416068_at	8.976872	9.025722	8.813937	8.800116	8.72886	8.815358	8.773005	8.837171	8.670074	8.829137	8.804615	8.727037	8.778317	8.69051	8.6912	8.768388	8.702604	8.814156
1416069_at	6.593858	6.693072	6.556211	6.470985	6.483349	6.596682	6.648775	6.393051	6.520008	6.448992	6.587998	6.41796	6.367343	6.399499	6.489464	6.539292	6.481409	6.383386
1416070_a_at	7.730411	7.402853	7.720434	7.421239	7.440389	7.610987	7.537435	7.497737	7.434692	7.525548	7.340198	7.421087	7.787871	7.535824	7.589096	7.691334	7.557352	7.55731
1416071_at	7.401882	7.535328	7.443043	7.365724	7.407169	7.549695	7.518708	7.525772	7.439646	7.517838	7.392115	7.679732	7.496175	7.622105	7.339395	7.533469	7.465076	7.452984
1416072_at	4.675988	4.990506	5.062103	5.125642	4.991376	5.014621	5.17226	5.184885	5.086115	5.10207	5.073189	5.104473	4.940706	4.855786	4.983568	5.226397	4.975991	4.900045
1416073_a_at	8.145368	7.913318	7.956345	7.963958	7.914045	8.01886	8.040551	8.035713	7.852206	7.898577	7.948676	7.876353	7.918374	7.885775	7.950278	7.853512	7.783024	7.982088
1416074_a_at	12.34233	12.467265	12.264848	12.245071	12.375874	12.331055	12.317503	12.318225	12.234386	12.263046	12.175877	12.223573	12.156294	12.119146	12.319655	12.386417	12.247391	12.198391
1416075_at	7.611553	7.553222	7.727792	7.59354	7.544463	7.589927	7.672074	7.596015	7.544267	7.527829	7.638822	7.521988	7.587338	7.596129	7.671875	7.577821	7.611799	7.486647
1416076_at	5.532419	5.540091	5.834704	5.868914	5.540844	5.552739	5.380694	4.949447	5.296986	5.262574	5.342563	5.357284	5.437837	5.242876	5.77283	4.956773	6.206837	5.596701
1416077_at	5.645025	5.518156	5.746174	5.703983	5.904807	5.731478	5.549166	5.753249	5.753123	5.878989	5.823518	5.74783	5.705943	5.759703	5.724867	5.625362	5.797028	5.711646
1416078_s_at	9.735208	9.866414	9.59483	9.581397	9.747013	9.803131	9.53893	9.762814	9.62399	9.702621	9.697862	9.635849	9.535695	9.600832	9.680796	9.635552	9.550426	9.542782
1416079_a_at	8.939008	8.886798	9.124453	9.00316	8.911472	8.695311	9.073661	9.212615	9.200141	9.249061	9.160736	9.161715	8.995714	9.016287	8.979728	9.060827	9.028961	8.987236
1416080_at	6.24887	6.299752	6.054584	5.946819	6.246793	6.225184	6.490177	6.051065	6.163099	6.092406	6.160113	6.359651	6.267069	6.161377	6.498473	6.251596	6.403014	6.362509
1416081_at	7.247044	7.028764	7.219821	7.203356	7.253651	7.179159	7.405017	7.438959	7.433331	7.416306	7.282457	7.429136	7.176823	7.185467	7.053675	7.220714	7.11137	7.128818
1416082_at	11.678401	11.623175	11.599808	11.545127	11.739114	11.706773	11.523133	11.507281	11.501808	11.543504	11.498098	11.500616	11.661947	11.563006	11.664071	11.681795	11.578162	11.439306
1416083_at	9.472236	9.470786	9.645697	9.621853	9.360057	9.130067	9.777158	9.725852	9.707845	9.744227	9.773565	9.707941	9.739432	9.735406	9.656912	9.701228	9.546955	9.544617
1416084_at	7.859825	7.819659	7.776483	7.754859	7.844296	7.801668	7.776973	7.698036	7.805618	7.760957	7.791913	7.787857	7.898369	7.843307	8.012582	7.915249	7.7914	7.644588
1416085_s_at	10.113327	10.061542	10.017	9.95175	9.972461	9.775457	10.173463	10.203982	10.183909	10.223224	10.19359	10.170839	10.08544	10.118015	10.14887	10.238464	9.897112	9.866025
1416086_at	8.893149	8.754511	8.294637	8.347416	8.899778	8.692301	8.69597	8.7502	8.770068	8.822666	8.585692	8.627253	8.469909	8.504799	8.413128	8.596034	8.371944	8.297185
1416087_at	8.487084	8.635669	8.665431	8.669124	8.575201	8.614495	8.688212	8.765033	8.464427	8.643055	8.463572	8.574852	8.581152	8.564714	8.590168	8.533859	8.706534	8.627103
1416088_a_at	11.851961	11.858756	11.791997	11.840557	11.787678	11.769232	11.886957	11.803694	11.741803	11.798131	11.812522	11.859489	11.780649	11.728171	11.813768	11.816194	11.747823	11.708089
1416089_at	12.21688	12.18726	12.113013	12.048295	12.09299	12.088271	12.135106	12.136782	12.051019	12.064294	12.039018	12.192719	12.096079	12.049296	12.148369	12.091736	12.103524	12.156919
1416090_at	11.394249	11.3658	11.159757	11.085492	11.408616	11.431588	11.20103	11.187482	11.055556	11.085804	10.98366	11.012987	11.067891	10.996037	10.998208	11.066421	11.076898	11.153881
1416091_at	7.730517	7.676742	8.091277	7.986119	7.829459	7.771801	7.720702	7.924874	7.803369	7.801722	7.723606	7.869649	7.785563	7.83811	7.731871	7.997832	7.889574	8.09596
1416092_a_at	8.351282	8.21927	8.45781	8.263796	8.335768	8.195769	8.033744	8.233043	8.141986	8.145296	8.135721	8.103434	8.129226	8.10556	8.155725	8.194056	8.371522	8.372862
1416093_a_at	9.017146	8.971226	8.959584	9.038115	9.095981	9.095027	9.072115	9.20089	9.174578	9.097396	9.147857	9.110134	8.902393	9.028961	8.977024	9.043078	8.839108	8.984715
1416094_at	9.514101	9.549815	9.604879	9.490374	9.549814	9.536847	9.815229	9.944587	9.86808	9.92165	9.88899	9.903335	9.779091	9.714124	9.669942	9.578454	9.579653	9.548362
1416095_x_at	8.67522	8.617621	8.715968	8.709022	8.736217	8.670764	8.696135	8.882594	8.765088	8.835886	8.685754	8.824527	8.696171	8.705203	8.673456	8.705916	8.597886	8.648816
1416096_at	7.639145	7.55684	7.481082	7.451439	7.41327	7.388379	7.357429	7.503763	7.270017	7.502956	7.475686	7.542677	7.380712	7.490806	7.247758	7.459597	7.380805	7.492046
1416097_at	5.135139	5.126819	5.241213	5.09	5.135139	5.177767	5.191631	4.926216	5.192732	4.973913	5.244836	5.02696	5.220687	5.004292	5.364426	5.252928	5.322438	5.132525
1416098_at	6.61618	6.423283	6.08775	6.13082	6.067155	5.995462	6.075194	5.980426	5.973947	6.082578	6.088271	6.224639	6.198292	6.109199	6.108613	6.143693	6.236634	6.140811
1416099_at	11.769131	11.75389	11.741166	11.68663	11.77994	11.765411	11.707436	11.759358	11.706085	11.736498	11.713338	11.77384	11.695627	11.738282	11.73342	11.76408	11.694437	11.73328
1416100_at	10.273015	10.122216	10.295885	10.215711	10.153025	10.133764	10.149027	10.175192	10.082357	10.182298	10.107605	10.190041	10.296433	10.285684	10.367715	10.264515	10.161318	10.285815
1416101_a_at	9.791628	9.822701	10.757505	10.72588	10.176517	10.058655	9.413797	9.496787	9.42205	9.403826	10.063253	10.118649	10.248244	10.219817	10.333386	10.340692	10.707478	10.741804
1416102_at	9.228496	9.100787	9.212682	9.141338	9.317487	9.003637	9.071767	9.310361	9.36217	9.26984	9.334609	9.363852	9.097435	9.119932	9.089315	9.297538	9.060198	9.203469
1416103_at	7.377943	7.628255	7.489944	7.316578	7.480382	7.613202	7.662082	7.706612	7.656769	7.73609	7.536813	7.518808	7.207818	7.378915	6.90748	7.370869	7.170269	7.320492
1416104_at	9.243242	9.288931	9.39152	9.368693	9.093477	9.092102	9.247218	9.300082	9.272664	9.272891	9.035276	9.134409	9.304479	9.273104	9.17577	9.302804	9.223601	9.371762
1416105_at	10.404692	10.430241	10.182256	10.085153	10.406417	10.496136	9.242361	9.210192	9.142713	9.138406	9.260954	9.311293	10.007407	9.895587	10.02781	10.100553	10.129127	10.038046
1416106_at	8.436791	8.523317	8.288056	8.103019	8.625455	8.519447	8.287167	8.669818	8.413599	8.503875	8.269836	8.393837	8.358398	8.476553	8.206561	8.416623	8.185011	8.194837
1416107_at	6.585809	6.763562	6.709499	6.590159	6.403602	6.641118	6.975028	6.710974	6.628783	6.601934	6.753043	6.553451	6.7859	6.635369	6.821303	6.722031	6.419517	6.625726
1416108_a_at	9.162074	9.015001	9.207681	9.213209	9.245508	9.064125	8.474769	8.770366	8.498847	8.564645	8.458622	8.631501	9.192686	9.171604	9.296999	9.241879	9.051317	9.195851
1416109_at	9.691595	9.869591	9.865197	9.830497	9.6901	9.705956	9.693378	9.864572	9.750302	9.799285	9.79305	9.793229	9.822867	9.785809	9.770012	9.803171	9.771979	9.820335
1416110_at	7.627281	7.832706	7.7306	7.632773	7.716592	7.706112	7.555267	7.70967	7.630697	7.768864	7.818622	7.797119	7.632173	7.811889	7.565728	7.854699	7.680001	7.70943
1416111_at	5.561352	5.527011	5.816511	5.785012	5.74579	5.850696	5.538454	5.676613	5.779939	5.618049	5.473789	5.53831	5.553887	5.487397	5.631469	5.484281	5.933516	5.707711
1416112_at	12.301404	12.406694	12.347411	12.204042	12.30341	12.241459	12.37402	12.259664	12.238976	12.249076	12.150636	12.227463	12.25221	12.301224	12.342706	12.30566	12.329526	12.368852
1416113_at	11.037029	11.023942	11.095718	10.982064	10.825972	10.826609	10.863069	10.905745	10.967521	10.893525	10.939423	10.908049	10.911309	10.902284	10.948431	10.961097	10.987901	11.024192
1416114_at	7.103912	7.011151	6.920015	6.95616	7.041317	7.268667	7.111465	7.268341	7.224591	7.273804	7.01232	7.273126	7.032429	6.813152	6.991193	7.086813	6.773959	7.154515
1416115_at	8.165049	8.207881	8.172538	8.075455	8.119002	8.118974	8.004602	8.086662	7.997052	8.040716	8.067264	7.950129	8.077576	8.168042	8.09191	8.15059	7.952231	8.048261
1416116_at	6.092208	5.837953	5.710359	5.711955	6.274712	5.894626	5.878444	5.769379	5.658625	5.615212	5.716962	5.729809	5.956983	5.962223	5.809339	5.761173	5.705557	5.979378
1416117_at	5.827097	5.698913	5.869615	5.852384	5.676913	5.71508	5.793711	5.43507	5.402211	5.624821	5.617776	5.484928	5.715422	5.559005	5.804184	5.704657	5.631783	5.918462
1416118_at	3.755588	3.836375	3.840228	3.922947	3.826742	4.01069	3.769791	3.904958	3.870831	3.834919	3.97114	3.863057	3.741376	3.887271	3.824753	3.679972	3.962869	3.94962
1416119_at	12.100623	12.225723	12.24632	12.305066	12.255009	12.226051	12.260952	12.202277	12.219475	12.204478	12.225951	12.150087	12.197835	12.182142	12.127365	12.181864	12.219351	12.239144
1416120_at	5.651769	5.822737	5.995191	6.134001	5.819168	5.702765	5.867677	5.773456	5.826582	5.825738	5.684769	5.790317	5.778809	5.849323	5.718716	5.753372	6.194367	5.919138
1416121_at	5.789624	5.967979	5.868782	5.861295	5.855223	5.867831	5.97452	5.820999	5.885955	5.749081	5.791935	5.856601	6.018037	5.879783	5.815206	5.891825	5.879783	5.84734
1416122_at	7.60879	7.72091	8.165634	8.040447	7.771538	7.948648	8.021069	7.944793	7.72456	7.804561	7.878562	7.89615	7.937947	7.745973	7.827625	7.832863	7.868158	7.84322
1416123_at	6.035768	5.528835	5.875972	5.5174	5.775672	5.565722	5.940484	5.392167	5.322818	5.237206	5.513722	5.381826	5.774046	5.531451	5.811256	5.661228	5.876354	5.711716
1416124_at	4.275256	4.094878	4.177563	4.253526	4.302872	4.124224	4.072847	3.809826	4.056789	4.145585	4.155169	3.93937	4.093122	4.055241	4.07474	4.127938	4.189837	4.060337
1416125_at	9.767357	9.691243	9.144499	9.259335	9.050094	9.0409	9.920064	10.135577	10.050361	10.070303	9.112296	9.079326	9.78366	9.80017	8.967687	9.088907	9.221569	9.284033
1416126_at	6.958267	7.026377	7.036828	6.927955	6.934845	7.021887	6.991986	6.830896	6.678618	6.752732	6.938307	6.74288	6.785654	6.927449	6.974018	6.866117	6.957367	6.904554
1416127_a_at	9.565404	9.618163	9.551986	9.480967	9.38631	9.400473	9.416667	9.447594	9.232297	9.344193	9.353338	9.313338	9.478398	9.417961	9.429043	9.466204	9.433855	9.48257
1416128_at	8.135902	8.091246	8.214771	8.132215	8.478747	8.403661	7.881583	7.601665	7.669812	7.556091	7.220834	7.360384	7.903898	7.801765	7.796372	7.855381	8.249476	8.266829
1416129_at	11.654249	11.681887	11.538024	11.524418	12.022728	12.089224	11.716412	11.666945	12.218006	12.249003	11.154467	11.148935	11.592973	11.479638	11.83564	11.903959	11.422673	11.465
1416130_at	8.474052	8.567697	8.776516	8.612167	8.560196	8.643453	8.383674	8.427616	8.543587	8.567296	8.234073	8.355076	8.473039	8.558403	8.525724	8.656096	8.722759	8.696947
1416131_s_at	7.136722	7.4902	7.576411	7.61528	7.225778	7.409742	7.268342	8.074512	8.111676	8.123223	7.440581	7.778439	7.545984	7.756984	7.14207	7.31238	7.35171	7.372563
1416132_at	7.028908	7.006394	6.999376	7.003156	6.871517	6.939963	6.761934	7.129116	7.127337	7.065913	6.955178	7.115077	6.830112	6.683232	6.826342	6.869709	6.87613	6.595306
1416133_at	9.266826	9.256866	9.29256	9.175258	9.17274	9.179087	9.255407	9.365912	9.461765	9.505849	9.242223	9.28863	9.196045	9.29366	9.252149	9.237907	9.248315	9.128936
1416134_at	6.146113	6.274975	6.206889	6.155912	6.197957	6.329207	6.209866	5.91256	6.179168	5.846675	6.386887	5.981428	6.310461	6.080077	6.429632	6.312142	6.192418	6.209529
1416135_at	8.592558	8.554614	8.142225	8.218204	8.45524	8.413128	8.650812	8.713733	8.3976	8.465011	8.534917	8.498283	8.30956	8.322762	8.139684	8.377005	8.130352	8.09519
1416136_at	6.17579	6.155235	6.173009	6.385235	6.251389	6.302129	6.541316	6.461415	6.170228	6.052352	6.301266	6.519358	6.172867	6.239045	6.065632	6.222376	6.275508	6.488552
1416137_at	8.148995	8.194356	8.297474	8.142072	8.106352	8.001738	8.253284	8.311123	8.251253	8.278158	8.139913	8.18638	8.225092	8.19439	8.168881	8.109564	8.121832	8.063568
1416138_at	9.681733	9.640971	9.61502	9.538805	9.550857	9.365985	9.678999	9.927523	9.890821	9.95235	9.866926	9.888817	9.754751	9.620342	9.686103	9.775874	9.628589	9.569906
1416139_at	6.937316	6.93224	6.789814	6.965529	6.905607	6.929558	6.918177	6.949877	6.923944	6.85757	7.095875	6.922731	6.868601	6.81654	7.056375	6.993695	6.824661	6.922178
1416140_a_at	8.157312	8.140106	8.31291	8.216345	8.232295	8.280162	8.166016	8.334905	8.21329	8.389115	8.124638	8.280335	8.18734	8.155456	7.995636	8.12397	8.152011	8.210361
1416141_a_at	13.2298	13.265332	13.129712	13.064419	13.215525	13.244995	13.320315	13.26348	13.196818	13.202769	13.127051	13.19673	13.160777	13.083218	13.176805	13.159444	13.096952	13.098637
1416142_at	6.198359	6.318422	6.815016	6.764037	6.320068	6.094841	7.530412	7.803691	7.621914	7.732349	7.573669	7.596241	6.784844	7.063935	6.766675	6.869878	6.798966	6.861308
1416143_at	12.146464	12.298638	12.319738	12.265413	12.201623	12.194814	12.294509	12.314481	12.238587	12.334781	12.291792	12.307507	12.308093	12.274849	12.329729	12.373362	12.337164	12.20575
1416144_a_at	8.945272	9.030848	9.054437	9.257215	9.214366	8.996573	9.211054	9.68611	9.665546	9.774134	9.434445	9.331884	9.432215	9.312849	9.080425	9.237347	9.140382	8.988364
1416145_at	9.40758	9.349696	9.425655	9.493604	9.563956	9.578673	9.796658	9.82829	9.807272	9.816755	9.61388	9.699657	9.559498	9.538499	9.486484	9.418264	9.335995	9.275631
1416146_at	9.592361	9.455167	9.506733	9.403536	9.545909	9.494362	9.59959	9.66773	9.531723	9.586801	9.471435	9.454337	9.612169	9.476034	9.48795	9.487286	9.327187	9.410839
1416147_at	8.252784	8.168885	8.260255	8.215329	8.233372	8.287789	8.203854	8.155798	8.049571	8.033689	7.977155	8.013706	8.08831	7.718419	7.896262	8.116836	8.116273	8.278504
1416148_at	8.687942	8.72264	8.834588	8.831813	8.684435	8.617642	8.737746	8.772693	8.862489	8.909907	8.852879	8.891503	8.725785	8.70333	8.712413	8.714051	8.815887	8.799896
1416149_at	4.897742	4.745083	5.843828	5.824074	5.329534	5.39432	5.636252	5.908604	5.805536	5.818161	5.28367	5.443301	5.349519	5.340994	5.441643	5.458879	5.623163	5.848064
1416150_a_at	9.073179	9.095545	8.902931	8.879005	9.410581	9.114487	8.482623	8.697463	8.432746	8.479704	8.510329	8.535761	9.139321	9.120565	9.053963	8.979802	8.624672	8.719373
1416151_at	6.379749	6.46805	6.398757	6.32512	6.69296	6.629211	6.000068	6.382898	6.093474	6.168295	6.016456	6.327536	6.46805	6.553514	6.181106	6.465514	6.230337	6.342884
1416152_a_at	7.482233	7.399667	7.24606	7.325781	7.760301	7.623769	6.993781	7.342622	6.655659	6.936335	7.057358	7.176898	7.66126	7.706931	7.382103	7.487728	7.085884	7.183576
1416153_at	9.928793	9.923002	10.132526	9.967296	9.953782	9.933858	10.263661	10.259969	10.216188	10.281129	10.145414	10.179126	10.209573	10.171674	10.29148	10.236862	10.036303	10.091059
1416154_at	5.564255	5.530314	5.498813	5.473187	5.613268	5.463127	5.558357	5.517033	5.578982	5.631653	5.5999	5.449955	5.568345	5.552896	5.704338	5.48137	5.569867	5.65115
1416155_at	8.163588	8.222359	7.918575	8.099023	8.12928	8.165045	8.325399	8.58196	8.337116	8.378708	8.369974	8.295964	8.149147	8.124075	7.93365	8.119952	8.021208	7.887546
1416156_at	8.474381	8.63162	8.440231	8.442843	8.594961	8.537064	8.547577	8.805046	8.277622	8.293307	8.375903	8.527528	8.456967	8.504364	8.322195	8.378416	8.371193	8.355977
1416157_at	5.814537	5.782823	5.547818	5.506477	5.906316	5.971002	5.212595	5.080704	5.359914	5.245032	5.330642	5.458426	5.570596	5.366278	5.47795	5.513914	5.295203	5.309726
1416158_at	6.59499	6.855829	7.16543	7.207472	7.038174	6.902391	7.383664	8.021504	7.525962	7.618743	7.686711	7.549838	7.210914	7.145935	7.213686	7.324098	7.167873	6.823038
1416159_at	7.988645	7.973248	8.343551	8.373806	8.374775	8.345815	8.72449	8.968888	8.676716	8.635053	8.32942	8.422689	8.281165	8.352335	8.309653	8.396551	8.249465	8.247103
1416160_at	6.237842	6.168919	6.185292	6.538875	6.167263	6.410242	6.42888	6.573026	6.696387	6.638298	6.519355	6.403144	6.257245	6.32012	6.406721	6.319387	6.235628	6.287125
1416161_at	9.07267	9.102814	9.194428	9.255441	9.058494	9.038711	9.080975	9.398448	9.437952	9.421428	9.22304	9.327158	9.333486	9.163528	9.07767	9.193438	9.25712	9.056743
1416162_at	7.513013	7.657463	7.681287	7.615595	7.553609	7.519306	7.385512	7.468566	7.514129	7.590642	7.660811	7.65976	7.353012	7.392833	7.313996	7.583266	7.231849	7.297003
1416163_at	8.348126	8.271344	8.327956	8.291778	8.277408	8.136469	8.21392	8.27822	8.251335	8.289131	8.209446	8.216978	8.225054	8.289055	8.234096	8.314977	8.203663	8.178514
1416164_at	6.675021	6.681219	7.039464	7.035793	6.938443	6.974018	7.153971	7.346957	7.25837	7.094322	6.983335	7.039464	6.563888	6.953471	6.712464	6.809886	6.964891	7.075006
1416165_at	6.781897	6.846505	6.821947	6.899135	6.796172	6.820196	7.207531	7.145576	6.936797	6.850785	6.858074	6.819126	6.836395	6.650337	6.653155	6.529042	6.91065	7.090487
1416166_a_at	9.745256	9.531056	9.653007	9.705908	10.068603	9.865944	9.582424	10.050851	9.734582	9.725575	9.924207	9.889736	9.680373	9.638524	9.826339	9.681617	9.633217	9.572043
1416167_at	11.557291	11.643952	11.43454	11.336022	11.672696	11.560317	11.63621	11.617767	11.229193	11.280561	11.527012	11.52921	11.277396	11.293878	11.554425	11.620247	11.345291	11.241671
1416168_at	12.910512	12.930612	12.908297	12.898562	12.799684	12.786745	12.833636	12.792402	12.870967	12.94349	12.804337	12.805986	12.860665	12.81928	12.877753	12.873313	12.906908	12.888953
1416169_at	4.188003	4.056497	4.453678	4.209579	4.342967	4.244128	4.28281	4.19487	4.158757	4.141724	4.238446	4.234215	4.372457	4.172867	4.174775	4.03405	4.266821	4.322226
